ID#,Ra(deg),Dec(deg),RM_Raw_Value,RM_Raw_Err,Scaled_RM,TotalRMScaledErrWithStDev,TotalRMScaledErrWithAvgErr,Extinction,Scaled_Extinction,eAbundance,BScaled_RM_ERR_with_0.05Uncty&StDev,BScaled_RM_ERR_with_0.05Uncty,Raw_Magnetic_FieldMagnetic_Field(uG),Magnetic_Field(uG),Reference_BField_RMErr(±),BField_of_Min_Extinction,BField_of_Max_Extinction
0,58.725,36.219722222222224,-75.4,3.3,-74.51666666666667,58.244404729791285,16.116666666666667,0.6272434,0.26837843,0.0001385,2531.2428240499703,4.602727925662516,-3470.456855949537,-3429.7994259395177,150.11058495491255,-4566.395943187548,-2146.4117664915893
1,58.725,41.90669444444444,-56.5,16.5,-55.61666666666667,71.44440472979129,29.31666666666667,1.6364504,1.27758543,0.0001308,541.770022126088,0.9851366239674982,-556.6021925416364,-547.9001523632569,160.0062391857299,-763.0955183794309,-527.7299183240983
2,58.97916666666666,39.15277777777778,16.1,8.6,16.983333333333338,63.54440472979129,21.416666666666668,1.6389229,1.2800579300000001,0.0001308,540.7451271928038,0.9832729890426002,158.30695123585863,166.99252930573496,89.20097838691431,248.95498177043433,126.66066093147322
3,58.97916666666666,41.89897222222222,-7.5,10.1,-6.6166666666666645,65.04440472979128,22.916666666666668,1.2957287,0.93686373,0.000136,731.2316949369563,1.3296474405528702,-99.72355804146525,-87.97833898324821,118.47749649744092,-121.29195433223919,-87.67526791290486
4,59.4875,40.770944444444446,8.4,7.6,9.283333333333335,62.54440472979129,20.416666666666668,1.3985945,1.03972953,0.0001338,661.6470410577447,1.203117015828559,101.06182932959895,111.6893629694179,101.05228078185428,213.72165233670455,93.36602514119211
5,59.4875,37.95841666666667,44.5,9.6,45.38333333333333,64.54440472979128,22.416666666666668,1.8828444,1.52397943,0.0001267,457.71550627333687,0.8322946825631984,370.3711337406233,377.72307010326483,81.4863252357605,486.33848630116137,343.55429548530236
6,59.74166666666667,41.86694444444444,-20.2,7.2,-19.316666666666663,62.14440472979129,20.01666666666667,1.6285082,1.26964323,0.0001308,545.0886487163696,0.9911711043961658,-200.21656308802548,-191.461218332526,68.24360257396967,-217.16394325809782,-137.97958080946992
7,59.99583333333333,40.053916666666666,24.9,9.5,25.783333333333335,64.44440472979129,22.31666666666667,0.7526865,0.39382153000000003,0.0001385,1724.9716516699768,3.1366311902918627,781.0211663826738,808.728075230252,308.55087207579896,1384.248871887904,475.7817729835475
8,59.99583333333333,40.02905555555555,26.5,14.2,27.383333333333336,69.14440472979129,27.016666666666666,0.9102042,0.55133923,0.0001375,1236.8385855015567,2.2490262265381755,595.9919500326165,615.8583483670371,330.007114974035,1182.9818011355014,505.30669231542896
9,59.99583333333333,41.78194444444444,12.9,19.6,13.783333333333335,74.5444047297913,32.41666666666667,1.5934986,1.23463363,0.0001308,560.2153686650427,1.0186770298134815,131.40933684593912,140.40765060929155,213.3325544141174,205.40994589425992,99.31898544939948
10,60.0,40.19994444444444,28.1,8.3,28.983333333333338,63.244404729791285,21.116666666666667,0.9072542,0.54838923,0.0001375,1243.4837275439863,2.261109532240055,635.3717785594554,655.3449127609093,193.57162903614048,1751.7200874557436,380.8216394219921
11,60.0,37.79875,73.0,3.6,73.88333333333334,58.54440472979129,16.416666666666668,1.0974327,0.73856773,0.000136,926.5938401821348,1.6848874803443141,1229.9678606513494,1244.851033394391,61.389913975613794,1764.071272300979,912.9455788018165
13,60.50833333333333,41.51016666666667,-16.5,8.9,-15.616666666666665,63.844404729791286,21.71666666666667,3.0134103,2.65454533,9.737e-05,279.8385073068201,0.5088490523386416,-83.96009363587588,-79.46526034021787,42.8630798198751,-101.59857199904401,-67.48870774418693
14,60.7625,38.325138888888894,7.1,16.3,7.983333333333335,71.24440472979128,29.116666666666667,2.0179389,1.65907393,0.0001267,421.651495034728,0.7667170816857904,54.43691279969111,61.20958035458228,140.523402785872,72.63625921122042,49.446615306654
15,61.016666666666666,38.19622222222222,37.9,17.6,38.78333333333333,72.5444047297913,30.41666666666667,1.4828193,1.1239543300000001,0.0001338,612.553051438715,1.1138461347993933,422.14768508897004,431.986659279698,200.60594204017642,594.670617208829,372.7570416108591
17,61.270833333333336,39.28658333333333,7.0,15.3,7.8833333333333355,70.24440472979128,28.116666666666667,1.4292054,1.0703404300000001,0.0001338,642.9196437449908,1.1690637382182842,81.8344616752799,92.16119136287476,201.43803255028342,96.23101640636732,75.73469827674316
18,61.525,36.76508333333334,49.9,14.6,50.78333333333333,69.54440472979128,27.416666666666668,0.7319374,0.37307242999999995,0.0001385,1820.9090794173603,3.311080624227481,1652.2292314895126,1681.4771103368555,491.97526675186555,4630.981481933772,1149.890661957588
19,61.77916666666667,34.69083333333333,-20.0,16.6,-19.116666666666664,71.5444047297913,29.41666666666667,0.6388185,0.27995352999999995,0.0001385,2426.5847802215517,4.412421212929385,-882.484242585877,-843.5078552050006,700.1115198201505,-1743.2673973672581,-473.30028100272085
20,61.77916666666667,39.424416666666666,-3.4,10.5,-2.516666666666665,65.44440472979129,23.31666666666667,1.3597834,1.00091843,0.0001338,687.0199299737419,1.249254234770493,-42.47464398219676,-31.439564908390718,97.09277398179486,-47.1792975336756,-27.667924609317613
21,61.77916666666667,36.67855555555556,60.9,15.8,61.78333333333333,70.74440472979128,28.616666666666667,0.822847,0.46398203,0.0001375,1469.3638853167163,2.671842512954304,1627.1520903891712,1650.7533659202675,428.27427227488056,5634.082163941087,1099.8395979216516
22,62.03333333333333,41.27672222222222,-2.4,17.5,-1.5166666666666648,72.44440472979129,30.31666666666667,1.1587422,0.7998772300000001,0.000136,855.893882938407,1.556329025004896,-37.351896600117506,-23.60432354590756,172.11485918890932,-25.40396806908191,-20.52229779167582
23,62.03333333333333,40.37902777777778,21.8,6.1,22.683333333333337,61.04440472979129,18.916666666666668,2.3540301,1.9951651300000002,0.0001214,355.28863130921434,0.6460450532283863,140.83782160378823,146.54455290730567,41.00558590525525,156.47216717237293,142.5521073367322
24,62.03333333333333,41.55561111111111,-2.4,9.6,-1.5166666666666648,64.54440472979128,22.416666666666668,1.1015601,0.74269513,0.000136,921.4696052970957,1.6755697417303292,-40.2136738015279,-25.412807749576626,101.6512309983065,-28.540680535813305,-20.30992801430313
26,62.2875,38.80938888888888,56.0,2.4,56.88333333333333,57.344404729791286,15.216666666666669,1.9993387,1.64047373,0.0001267,426.27582756515926,0.7751258144526099,434.0704560934615,440.9174007877929,18.89646003376255,490.0160289405801,398.03865398161724
27,63.05,35.595333333333336,-0.7,1.6,0.18333333333333524,56.54440472979129,14.416666666666668,0.5866321,0.22776712999999998,0.0001385,2982.568095173774,5.423402816756144,-37.963819717293,9.942905164053032,-22.726640374978363,16.718344700122096,4.132507622855658
31,64.575,38.01386111111111,-24.2,11.2,-23.316666666666663,66.14440472979129,24.016666666666666,3.5451694,3.18630443,7.706e-05,245.27148432430198,0.44599352521300184,-107.93043310154644,-103.99082362883158,48.127984489376594,-117.63250391533013,-103.99082362883158
32,64.575,38.04044444444444,-13.7,18.6,-12.816666666666665,73.5444047297913,31.41666666666667,3.2261524,2.86728743,8.739e-05,264.2237192040015,0.48045563999144003,-65.82242267882728,-61.57839785890289,83.60278833398495,-69.52379560869416,-57.1615034814664
33,64.82916666666667,39.92480555555555,4.2,10.9,5.083333333333336,65.8444047297913,23.71666666666667,0.60769594,0.24883097000000004,0.0001385,2730.090129324727,4.964305264760503,208.5008211199411,252.3521842919923,654.9140020911229,252.3521842919923,88.00267288278275
34,65.08333333333333,38.82880555555556,27.3,11.4,28.183333333333337,66.3444047297913,24.21666666666667,1.3731,1.01423503,0.0001338,678.0977039640677,1.2330303551712636,336.6172869617549,347.50905509910115,145.11367136006422,418.9406885232876,259.58127203605676
35,65.3375,35.187666666666665,31.5,21.0,32.38333333333333,75.94440472979129,33.81666666666667,0.7824735,0.42360853000000004,0.0001375,1609.1808035808488,2.9260809558488265,921.7155010923801,947.5625495357115,631.7083663571409,2507.608369573815,583.6116273803943
36,65.3375,38.60783333333333,5.1,10.3,5.983333333333335,65.24440472979128,23.116666666666667,1.7241683,1.3653033300000001,0.0001308,507.63573451507506,0.9230679684765845,47.076466392305804,55.230233447182314,111.54341264823097,58.432775822066624,42.53492570393887
37,65.59166666666667,39.92688888888889,-17.4,14.2,-16.516666666666662,69.14440472979129,27.016666666666666,0.9601448,0.60127983,0.0001375,1134.227111543201,2.0624409285200858,-358.8647215624949,-340.6464933605674,277.9988623977044,-399.09890668828973,-280.58999728702605
38,65.84583333333333,40.89275,-16.0,3.6,-15.116666666666665,58.54440472979129,16.416666666666668,0.96535665,0.60649168,0.0001375,1124.4911890087296,2.0447374501711373,-327.15799202738197,-309.09614455087024,69.5466325239458,-759.2807170148108,-309.09614455087024
39,65.84583333333333,40.07691666666667,-34.7,3.1,-33.81666666666667,58.04440472979129,15.916666666666668,1.9201076,1.56124263,0.0001267,447.166011760067,0.8131118319348416,-282.14980568139003,-274.96731783263226,24.56480361040807,-426.1829460303455,-247.56837988859027
40,65.84583333333333,40.05758333333333,-33.8,8.4,-32.916666666666664,63.344404729791286,21.21666666666667,1.5439113,1.18504633,0.0001338,581.2689673833744,1.0569601948404987,-357.25254585608855,-347.9160641349975,86.46434729982187,-414.84047235580687,-251.1842998409525
41,65.84583333333333,34.86244444444445,41.0,9.9,41.88333333333333,64.8444047297913,22.71666666666667,0.53146356,0.17259858999999994,0.0001385,3935.9010700336407,7.15691185198247,2934.333859312813,2997.553247338658,723.7994426500662,3819.3818392187623,1256.894380054938
42,65.84583333333333,41.83416666666667,-51.7,2.0,-50.81666666666667,56.94440472979129,14.816666666666668,0.64922047,0.29035550000000004,0.0001385,2339.652512410811,4.254346462892773,-2199.4971213155636,-2161.917060893344,83.63315516028409,-4634.021180970158,-593.5553667330336
43,66.1,39.35397222222223,-26.4,4.2,-25.516666666666662,59.14440472979129,17.01666666666667,1.7616835,1.40281853,0.0001308,494.3158801694913,0.8988475874923202,-237.2957630979725,-229.3559427417903,36.48844543619392,-266.1572445223436,-216.3417910705809
44,66.1,39.36775,-18.0,13.6,-17.116666666666664,68.54440472979128,26.416666666666668,1.7105281,1.3516631300000002,0.0001308,512.658425793466,0.9322010635670204,-167.79619144206364,-159.56174871388828,120.55776569493781,-182.1668176439459,-145.1228082491748
45,66.35416666666667,40.14922222222222,-74.6,18.8,-73.71666666666665,73.74440472979128,31.616666666666667,1.1469874,0.78812243,0.000136,868.6007181095684,1.5794347122718007,-1178.258295354763,-1164.3066220630287,293.417754621782,-1352.1994902413605,-1024.2007675012821
46,66.60833333333333,41.44861111111111,39.9,8.7,40.78333333333333,63.64440472979129,21.516666666666666,0.7019533,0.34308833,0.0001385,1980.0468732565093,3.6004515059036337,1436.5801508555498,1468.3841391576984,320.17398522987406,1987.427333240557,1185.9508623909603
47,66.8625,36.05711111111111,-21.2,15.5,-20.316666666666663,70.44440472979129,28.31666666666667,2.9366941,2.57782913,9.737e-05,286.7788060126811,0.5214690611194649,-110.55144095732652,-105.94513091743791,77.45988345378716,-106.88757192100141,-98.56465104239052
48,66.8625,38.38991666666666,-3.6,12.7,-2.716666666666665,67.64440472979129,25.516666666666666,1.3520404,0.99317543,0.0001338,692.316583751699,1.2588854941758483,-45.31987779033054,-34.19972259177719,120.64902136543618,-43.3446540655232,-26.9554216633184
49,67.625,40.097750000000005,-53.2,9.5,-52.31666666666667,64.44440472979129,22.31666666666667,0.6129379,0.25407293000000003,0.0001385,2673.763690871347,4.861883138854905,-2586.52182987081,-2543.5751954775915,454.2098563352842,-3990.585436091923,-1207.306876986178
50,67.87916666666666,41.65725,-21.9,12.4,-21.016666666666662,67.3444047297913,25.21666666666667,0.5767738,0.21790883,0.0001385,3117.500906536451,5.668760161790886,-1241.458475432204,-1191.3844273363843,674.5738310032497,-1916.530242441249,-599.1098303295853
51,67.87916666666666,34.94266666666666,-44.4,7.7,-43.516666666666666,62.64440472979129,20.51666666666667,2.1651974,1.8063324299999999,0.0001214,390.38015343721145,0.7098543121892121,-315.17531461201014,-308.90493485433876,53.57135131482902,-403.0864395592687,-284.5517820939964
52,68.3875,35.84127777777778,-24.2,7.7,-23.316666666666663,62.64440472979129,20.51666666666667,1.7266217,1.36775673,0.0001308,506.7427507719112,0.9214441964809579,-222.98949554839177,-214.85007181280997,68.36138648589409,-219.15253560722584,-177.65810583478185
53,68.64166666666667,34.515388888888886,-12.6,8.7,-11.716666666666665,63.64440472979129,21.516666666666666,2.301355,1.94249003,0.0001214,364.42666572868455,0.6626613516761447,-83.49533031119424,-77.64182170472161,53.60982927230778,-115.88682369442188,-72.90746436372774
54,68.89583333333333,36.77605555555555,-14.0,13.9,-13.116666666666665,68.8444047297913,26.71666666666667,1.7153445,1.35647953,0.0001308,510.87358470274086,0.9289555677761397,-130.05377948865956,-121.84800530663698,120.97766241158958,-130.21871548813542,-95.97321355645641
55,68.89583333333333,41.69419444444444,20.2,16.1,21.083333333333336,71.0444047297913,28.91666666666667,0.65550035,0.29663537999999995,0.0001385,2290.121208964681,4.164280384917211,841.1846377532765,877.969114486712,699.7674625364389,1922.609640514021,688.8549009814858
56,68.89583333333333,35.248222222222225,-17.6,9.1,-16.716666666666665,64.04440472979128,21.916666666666668,1.5205485,1.1616835300000001,0.0001338,592.8477652289068,1.0780146964801174,-189.73058658050064,-180.2081234282596,93.17579109074785,-229.19553940053285,-133.02218857495635
57,68.89583333333333,39.82691666666667,-23.5,15.3,-22.616666666666664,70.24440472979128,28.116666666666667,1.6755682,1.3167032300000001,0.0001308,525.9972394985958,0.9564559196213199,-224.76714111101015,-216.31844715435514,140.83711665794186,-255.72424809205756,-216.31844715435514
