ID#,Ra(deg),Dec(deg),RM_Raw_Value,RM_Raw_Err,Scaled_RM,TotalRMScaledErrWithStDev,TotalRMScaledErrWithAvgErr,Extinction,Scaled_Extinction,eAbundance,BScaled_RM_ERR_with_0.05Uncty&StDev,BScaled_RM_ERR_with_0.05Uncty,Raw_Magnetic_FieldMagnetic_Field(uG),Magnetic_Field(uG),Reference_BField_RMErr(±),BField_of_Min_Extinction,BField_of_Max_Extinction
1,58.725,41.90669444444444,-56.5,16.5,-31.6875,28.1257017837327,25.55,1.6364504,1.0170975924999999,0.0001334,143.70922247165657,1.2308401253608672,-695.4246708288898,-390.02246472372474,113.9003658042736,-607.4477397061387,-372.0056634572752
2,58.97916666666666,39.15277777777778,16.1,8.6,40.9125,20.225701783732703,17.65,1.6389229,1.0195700925,0.0001334,143.36490544505136,1.2278911203846956,197.690470381936,502.3609546273886,268.3418763848162,861.8606076781685,357.2715040582209
3,58.97916666666666,41.89897222222222,-7.5,10.1,17.3125,21.725701783732703,19.15,1.2957287,0.6763758925,0.0001373,214.2128701523999,1.8346894612438143,-137.60170959328607,317.6306129778353,-427.74255881015154,513.9621631232817,316.1129716142679
4,59.4875,40.770944444444446,8.4,7.6,33.2125,19.225701783732703,16.65,1.3985945,0.7792416925,0.0001357,186.6535315240711,1.598649357284272,134.28654601187884,530.9514177880387,480.38461609393977,1475.2457650367423,419.68629623194454
5,59.4875,37.95841666666667,44.5,9.6,69.3125,21.225701783732703,18.65,1.8828444,1.2634915924999999,0.0001301,116.40641108462307,0.9969971248050167,443.66372053823244,691.0436321304771,149.0790756955636,951.4516236024966,616.1745284157222
6,59.74166666666667,41.86694444444444,-20.2,7.2,4.612500000000001,18.8257017837327,16.25,1.6285082,1.0091553924999999,0.0001334,144.82651850362603,1.240409537569786,-250.56272658909674,57.21388992040638,-20.393069674600298,67.3939962190065,38.2024020181961
7,59.99583333333333,40.053916666666666,24.9,9.5,49.7125,21.1257017837327,18.55,0.7526865,0.13333369250000005,0.0001392,1038.050808738894,8.890693064678729,2213.7825731050034,4419.785789778412,1686.2636547347358,4419.785789778412,1491.859556310407
8,59.99583333333333,40.02905555555555,26.5,14.2,51.3125,25.8257017837327,23.25,0.9102042,0.2908513925,0.0001384,495.8779056427655,4.247092935635378,1125.4796279433754,2179.2895625979036,1167.770256184537,4562.036878813273,1539.8751517863268
9,59.99583333333333,41.78194444444444,12.9,19.6,37.7125,31.225701783732703,28.650000000000002,1.5934986,0.9741457925,0.0001334,149.96604224316096,1.2844285082041302,165.69127755833279,484.39010115648256,735.972556795896,813.720644717174,314.27088959893837
10,60.0,40.19994444444444,28.1,8.3,52.9125,19.925701783732702,17.35,0.9072542,0.2879013925,0.0001384,500.9589502634376,4.29061104456611,1205.6617035230768,2270.269568956043,670.5778442112155,4704.287967848132,954.9185030320036
11,60.0,37.79875,73.0,3.6,97.8125,15.225701783732701,12.65,1.0974327,0.47807989249999994,0.0001373,302.91418982321704,2.5943981392643614,1893.9106416629836,2537.645679967953,125.14417051896754,4668.616805633894,1620.9429000001062
12,60.0,34.69888888888889,84.3,8.8,109.1125,20.425701783732702,17.85,0.39276844,-0.2265843675,0.0001392,1038.050808738894,8.890693064678729,7494.854253524168,9700.857470197578,1012.6636505069833,9700.857470197578,6273.335841850346
13,60.50833333333333,41.51016666666667,-16.5,8.9,8.3125,20.5257017837327,17.950000000000003,3.0134103,2.3940574925,0.0001039,64.7742548986895,0.5547782574314886,-91.53841247619562,46.11594264899249,-24.87465997430504,61.65654846944268,38.07309357173497
14,60.7625,38.325138888888894,7.1,16.3,31.9125,27.925701783732702,25.35,2.0179389,1.3985860925,0.0001301,105.3935700024544,0.9026743912669569,64.08988177995394,288.06596511306765,661.334539625775,355.514739105334,223.11816356732746
15,61.016666666666666,38.19622222222222,37.9,17.6,62.7125,29.225701783732703,26.650000000000002,1.4828193,0.8634664925000001,0.0001357,168.5339186470556,1.443458575499653,547.0708001143684,905.2289591602197,420.37017628548466,1410.8542636062998,748.2064967057319
16,61.016666666666666,35.84883333333334,-273.0,16.9,-248.1875,28.5257017837327,25.95,0.5219271,-0.09742570750000001,0.0001392,1038.050808738894,8.890693064678729,-24271.592066572928,-22065.58884989952,1365.9650240413987,-22065.58884989952,-22065.58884989952
17,61.270833333333336,39.28658333333333,7.0,15.3,31.8125,26.925701783732702,24.35,1.4292054,0.8098525925000001,0.0001357,179.63434037023387,1.5385314193319957,107.6971993532397,489.4453077749911,1069.7876012796235,518.5846776696782,379.3313873784505
18,61.525,36.76508333333334,49.9,14.6,74.7125,26.225701783732703,23.65,0.7319374,0.11258459249999997,0.0001392,1038.0508087388941,8.89069306467873,4436.455839274686,6642.459055948096,1943.4850143655751,6642.459055948096,3214.279742484228
20,61.77916666666667,39.424416666666666,-3.4,10.5,21.4125,22.1257017837327,19.55,1.3597834,0.7404305925,0.0001357,196.3828193161234,1.681978719169891,-57.18727645177628,360.15369324225287,-1112.2393467775457,659.4688837736488,303.85247882156864
21,61.77916666666667,36.67855555555556,60.9,15.8,85.7125,27.425701783732702,24.85,0.822847,0.2034941925,0.0001384,708.7513289411537,6.070310308273111,3696.8189777383245,5203.014722978591,1349.879025009224,7620.435293062756,2424.8526466828316
22,62.03333333333333,41.27672222222222,-2.4,17.5,22.4125,29.1257017837327,26.55,1.1587422,0.5393893925000001,0.0001373,268.5347472290872,2.2999452384371972,-55.19868572249274,515.4752265647369,-3758.67352703454,576.1909343923728,421.3505823930867
23,62.03333333333333,40.37902777777778,21.8,6.1,46.6125,17.725701783732703,15.15,2.3540301,1.7346772925000002,0.0001256,85.89697128908114,0.7356900071630642,160.38042156154802,342.9235045888833,95.95565954092606,370.4034286439004,331.4820325802102
24,62.03333333333333,41.55561111111111,-2.4,9.6,22.4125,21.225701783732703,18.65,1.1015601,0.48220729249999994,0.0001373,300.3257404003273,2.5722285988732545,-61.733486372958104,576.5007347224682,-2306.002938889873,694.612197051752,415.2779906210428
25,62.03333333333333,36.59227777777778,59.1,11.6,83.9125,23.225701783732703,20.65,0.4451679,-0.17418490749999999,0.0001392,1038.050808738894,8.89069306467873,5254.399601225129,7460.402817898538,1464.3091825316926,7460.402817898538,7460.402817898538
26,62.2875,38.80938888888888,56.0,2.4,80.8125,14.025701783732702,11.450000000000001,1.9993387,1.3799858925000001,0.0001301,106.7845174041419,0.9145875715404155,512.1690400626327,739.1010812510983,31.675760625047072,841.5498714530506,653.1403620920393
28,63.55833333333333,36.04338888888888,55.4,26.0,80.2125,37.6257017837327,35.05,0.15904902,-0.4603037875,0.0001392,1038.050808738894,8.89069306467873,4925.443957832015,7131.447174505426,3346.888565652366,7131.447174505426,7131.447174505426
29,63.55833333333333,36.04741666666666,34.1,8.1,58.9125,19.725701783732703,17.15,0.15904902,-0.4603037875,0.0001392,1038.050808738894,8.890693064678729,3031.7263350554467,5237.729551728856,1244.1527674194642,5237.729551728856,5237.729551728856
30,64.32083333333334,35.27763888888889,34.8,5.5,59.6125,17.1257017837327,14.55,0.47522834,-0.14412446749999996,0.0001392,1038.050808738894,8.890693064678729,3093.9611865081974,5299.964403181607,837.6380522269781,5299.964403181607,1684.1981468591352
31,64.575,38.01386111111111,-24.2,11.2,0.6125000000000007,22.8257017837327,20.25,3.5451694,2.9258165925,8.371e-05,55.440658568461245,0.47483791206199305,-114.9107747190023,2.9083822113797106,-1.3460281308864774,3.364640981109862,2.9083822113797106
32,64.575,38.04044444444444,-13.7,18.6,11.1125,30.225701783732703,27.650000000000002,3.2261524,2.6067995925000003,0.0001039,60.1310084347831,0.5150098002551013,-70.55634263494888,57.23046405334814,-77.6997541162245,66.48896072944227,52.766362977888974
34,65.08333333333333,38.82880555555556,27.3,11.4,52.1125,23.0257017837327,20.450000000000003,1.3731,0.7537471925,0.0001357,192.93227876641447,1.6524255444346778,451.11217363066703,861.1202618435213,359.58868076982213,1120.2618981362623,589.446892575393
35,65.3375,35.187666666666665,31.5,21.0,56.3125,32.6257017837327,30.05,0.7824735,0.16312069250000005,0.0001384,884.1721865923412,7.572754109086819,2385.417544362348,4264.407157679515,2842.9381051196765,5006.571532047209,1624.9005348755727
36,65.3375,38.60783333333333,5.1,10.3,29.9125,21.925701783732702,19.35,1.7241683,1.1048154925000002,0.0001334,132.42581607975396,1.1342000552314353,57.84420281680319,339.26759152110304,685.1874887583062,364.13807185074245,246.33802853616868
37,65.59166666666667,39.92688888888889,-17.4,14.2,7.412500000000001,25.8257017837327,23.25,0.9601448,0.34079199250000003,0.0001384,423.2105875145583,3.624712204487794,-630.699923580876,268.68179215765775,-219.2690487723414,362.4487972468777,194.78737946889754
38,65.84583333333333,40.89275,-16.0,3.6,8.8125,15.225701783732701,12.65,0.96535665,0.34600384250000005,0.0001384,416.83577362636345,3.570113226145639,-571.2181161833022,314.61622805408444,-70.78865131216901,783.492326324813,314.61622805408444
39,65.84583333333333,40.07691666666667,-34.7,3.1,-9.887500000000003,14.725701783732701,12.15,1.9201076,1.3007547924999998,0.0001301,113.14530976910646,0.9690664584012191,-336.266061065223,-95.81644607442057,8.559970686763798,-168.30616166697737,-84.45542252812183
40,65.84583333333333,40.05758333333333,-33.8,8.4,-8.987499999999997,20.0257017837327,17.450000000000003,1.5439113,0.9245584925,0.0001357,157.4474629654816,1.3485053479598716,-455.7948076104366,-121.19691814789343,30.119944155097777,-152.98625820297934,-80.66766858301122
41,65.84583333333333,34.86244444444445,41.0,9.9,65.8125,21.5257017837327,18.950000000000003,0.53146356,-0.08788924750000005,0.0001392,1038.050808738894,8.890693064678729,3645.184156518279,5851.1873731916885,1412.8476827950665,5851.1873731916885,5329.639440838703
43,66.1,39.35397222222223,-26.4,4.2,-1.5874999999999986,15.8257017837327,13.25,1.7616835,1.1423306924999999,0.0001334,128.1234893511678,1.097351505925556,-289.7007975643467,-17.420455156568185,2.771436047635848,-21.046583308641182,-16.13245933600159
44,66.1,39.36775,-18.0,13.6,6.8125,25.225701783732703,22.65,1.7105281,1.0911752925,0.0001334,134.06261675298202,1.148218918538723,-206.67940533697015,78.2224138254505,-59.10137933478482,92.686417074121,69.22984518205413
45,66.35416666666667,40.14922222222222,-74.6,18.8,-49.787499999999994,30.425701783732702,27.85,1.1469874,0.5276345925,0.0001373,274.50815178325536,2.351106227856186,-1753.9252459807144,-1170.5570131938985,294.9929202150843,-1478.342874404171,-971.4465578619302
46,66.60833333333333,41.44861111111111,39.9,8.7,64.7125,20.3257017837327,17.75,0.7019533,0.08260049250000001,0.0001392,1038.0508087388941,8.89069306467873,3547.3865328068127,5753.389749480223,1254.4985168039584,5753.389749480223,4822.226825437047
47,66.8625,36.05711111111111,-21.2,15.5,3.6125000000000007,27.1257017837327,24.55,2.9366941,2.3173412925,0.0001125,66.25520208829155,0.5674622674981503,-120.30200070960784,20.49957441337068,-14.987896387134224,20.867200980561392,18.974503389645182
48,66.8625,38.38991666666666,-3.6,12.7,21.2125,24.3257017837327,21.75,1.3520404,0.7326875924999999,0.0001357,198.44649563330805,1.6996536851411859,-61.1875326650827,360.53903796057403,-1271.9016061386917,506.37202989395274,263.47677116687765
51,67.87916666666666,34.94266666666666,-44.4,7.7,-19.5875,19.3257017837327,16.75,2.1651974,1.5458445925,0.0001256,95.98614914676483,0.8221017539219662,-365.01317874135293,-161.0291810494651,27.9262318486685,-223.1258140680457,-146.1540198926851
52,68.3875,35.84127777777778,-24.2,7.7,0.6125000000000007,19.3257017837327,16.75,1.7266217,1.1072688925,0.0001334,132.13564394075846,1.1317147901538378,-273.87497921722877,6.931753089692265,-2.2055578012657207,7.105516390125559,5.487536126193277
53,68.64166666666667,34.515388888888886,-12.6,8.7,12.2125,20.3257017837327,17.75,2.301355,1.6820021925000002,0.0001256,88.49161356172544,0.7579125880468903,-95.49698609390816,92.56007481522647,-63.91052784860875,151.0789752834647,85.84866773258062
54,68.89583333333333,36.77605555555555,-14.0,13.9,10.8125,25.5257017837327,22.950000000000003,1.7153445,1.0959916925000002,0.0001334,133.48005586140815,1.1432294035411275,-160.05211649575784,123.6116792578844,-122.72873869175666,134.39450505166184,92.29627694858253
56,68.89583333333333,35.248222222222225,-17.6,9.1,7.212499999999999,20.725701783732703,18.15,1.5205485,0.9011956925000001,0.0001357,161.51046099013817,1.3833040958202991,-243.46152086437263,99.77080791103904,-51.586042726730405,138.12121122999042,68.08780681930195
57,68.89583333333333,39.82691666666667,-23.5,15.3,1.3125,26.925701783732702,24.35,1.6755682,1.0562153925,0.0001334,138.44853930597043,1.185783448998889,-278.65911051473887,15.563407768110418,-10.132771866046358,19.3219627011558,15.563407768110418
