ID#,Ra(deg),Dec(deg),RM_Raw_Value,RM_Raw_Err,Scaled_RM,TotalRMScaledErrWithStDev,TotalRMScaledErrWithAvgErr,Extinction,Scaled_Extinction,eAbundance,BScaled_RM_ERR_with_0.05Uncty&StDev,BScaled_RM_ERR_with_0.05Uncty,Raw_Magnetic_FieldMagnetic_Field(uG),Magnetic_Field(uG),Reference_BField_RMErr(±),BField_of_Min_Extinction,BField_of_Max_Extinction
1,81.1,-10.203194444444444,-25.7,16.3,-35.58888888888889,29.70491542098339,27.53333333333333,1.6227919,1.1018777025,0.0001407,149.9291663500032,1.1143077578635958,-286.3770937709441,-396.56974982634415,251.52089191320664,-1410.3960378609936,-274.09564041797415
2,81.1,-10.149138888888888,-21.3,7.4,-31.188888888888886,20.804915420983388,18.633333333333333,0.9974991,0.47658490249999996,0.0001401,346.9965239438379,2.5789573036088007,-549.3179056686745,-804.3481279144336,279.4448895101788,-1236.0230028959752,-240.20807450928922
3,81.35416666666667,-7.656916666666667,-41.6,13.2,-51.48888888888889,26.60491542098339,24.43333333333333,0.972172,0.4512578025,0.0001401,366.4719005753099,2.7237027443798336,-1133.0603416620108,-1402.4042797173497,444.99366567954365,-2040.5167778482187,-958.0346319051456
4,81.35416666666667,-7.129444444444444,-9.6,14.9,-19.488888888888887,28.304915420983388,26.133333333333333,1.1187518,0.5978376025000001,0.0001401,276.61910833320803,2.055896300186409,-197.36604481789522,-400.6713456141067,621.8753176718949,-772.349250829904,-121.86154555849113
5,81.35416666666667,-7.808,-8.3,14.9,-18.188888888888886,28.304915420983388,26.133333333333333,0.86371434,0.3428001425,0.0001401,482.41900754639516,3.5854480868311276,-297.59219120698356,-652.153168682506,1170.7327967914866,-720.829945044785,-269.6888546309959
13,82.37083333333334,-5.066777777777777,-1.0,7.3,-10.888888888888886,20.704915420983387,18.53333333333333,1.1425351,0.6216209024999999,0.0001401,266.0356237483711,1.9772374290326622,-19.77237429032662,-215.2991867168898,1571.6840630332956,-431.52922794373194,-68.41709777863181
14,82.37083333333334,-4.888416666666666,8.5,6.5,-1.3888888888888857,19.904915420983386,17.733333333333334,0.91942126,0.3985070625,0.0001401,414.98211724067716,3.084241738104862,262.1605477389133,-42.83669080701188,-32.75746944065614,-55.04199336016978,-8.726670635029551
16,82.87916666666666,-9.5515,7.4,7.8,-2.4888888888888854,21.204915420983387,19.03333333333333,0.8232442,0.3023300025,0.0001399,533.221462989659,3.9630235219322336,293.26374062298527,-98.63525210142433,-103.96688735014996,-98.63525210142433,-27.312986685284624
17,82.87916666666666,-7.181972222222223,-36.3,5.0,-46.18888888888888,18.404915420983386,16.233333333333334,0.8276192,0.3067050025,0.0001399,533.221462989659,3.9630235219322336,-1438.5775384614005,-1830.4765311858102,252.1317536068609,-1830.4765311858102,-422.0065711098269
22,83.89583333333333,-5.391472222222222,-13.5,10.2,-23.388888888888886,23.60491542098339,21.43333333333333,13.854413,13.3334988025,5.881e-07,21.145608753097438,0.1571589868199406,-21.21646322069198,-36.75774080621943,27.772515275810235,-117.8802754039172,-36.623033269263196
23,83.89583333333333,-5.378638888888888,10.9,9.4,1.0111111111111146,22.804915420983388,20.633333333333333,17.054918,16.5340038025,4.391e-07,21.126828728278802,0.15701940939242778,17.115115623774628,1.5876406949678863,1.3691580305227644,5.907006242091439,1.5832285166284858
25,85.16666666666667,-5.218055555555556,81.0,15.0,71.11111111111111,28.404915420983386,26.233333333333334,2.0721,1.5511858024999998,0.0001415,106.30684744247161,0.7900967350317383,639.9783553757079,561.8465671336805,104.0456605803112,911.8230260747068,339.0460830730842
26,85.16666666666667,-10.382166666666668,28.1,15.5,18.211111111111116,28.904915420983386,26.733333333333334,1.139908,0.6189938024999999,0.0001401,267.1647177462861,1.9856291131316506,557.9617807899938,361.6051240469751,199.46190116470157,721.710616938548,81.13245077316967
27,85.42083333333333,-5.6971944444444444,58.9,2.2,49.01111111111111,15.604915420983389,13.433333333333334,2.3480268,1.8271126025,0.0001415,90.2137752559932,0.6704893522801475,394.9182284930069,328.6142814341923,12.274217642703281,1071.3932279103801,268.8834056768692
28,85.92916666666666,-5.043138888888889,45.9,11.6,36.01111111111111,25.004915420983387,22.833333333333332,1.445048,0.9241338025000001,0.0001401,178.9495244998495,1.3299936781525346,610.4670982720132,478.94550121026265,121.0406931163191,1427.1288038424855,220.6394390660556
29,85.92916666666666,-10.51475,26.3,5.8,16.411111111111115,19.204915420983387,17.03333333333333,3.33734,2.8164258025000004,0.0001423,58.27842546720846,0.43313854932392454,113.91543847219214,71.08284859460407,15.676065469532457,191.34214301797292,48.21927049635473
30,86.4375,-5.490944444444445,24.1,11.1,14.211111111111116,24.504915420983387,22.333333333333332,1.8468672,1.3259530025,0.0001407,124.58389072153832,0.9259358890301578,223.150549256268,131.58577800773023,60.605897754597734,563.1896760612586,48.570105318253745
31,86.4375,-6.584,-0.3,6.9,-10.188888888888886,20.304915420983388,18.133333333333333,1.223674,0.7027598024999999,0.0001401,235.31981189492248,1.7489505101454104,-5.246851530436231,-178.19862420037123,4098.568356608539,-403.7880632902063,-86.22442511871344
33,86.4375,-5.492083333333333,23.5,9.5,13.611111111111114,22.904915420983386,20.733333333333334,1.8468672,1.3259530025,0.0001407,124.5838907215383,0.9259358890301577,217.59493392208705,126.03016267354926,50.948363633987995,539.4115349296652,46.51945192717814
34,86.4375,-10.862583333333331,-3.1,13.2,-12.988888888888885,26.60491542098339,24.43333333333333,2.3459888,1.8250746025000002,0.0001415,90.31475789999695,0.6712398783209598,-20.808436227949752,-87.18660197302242,371.2461761431922,-309.6941387018951,-67.31881012389483
35,86.94583333333334,-4.304583333333333,13.5,8.0,3.6111111111111143,21.404915420983386,19.233333333333334,2.418167,1.8972528025,0.0001415,86.8708630433629,0.6456440663156076,87.16194895260702,23.314924616952517,13.81625162486075,65.06743268566971,20.78653091484538
36,86.94583333333334,-4.297805555555556,10.6,6.7,0.7111111111111139,20.10491542098339,17.933333333333334,2.418167,1.8972528025,0.0001415,86.87086304336289,0.6456440663156076,68.4382710294544,4.591246693799894,2.902014419665971,12.813279051947305,4.0933476263080255
37,86.94583333333334,-11.49472222222222,-16.3,8.3,-26.188888888888886,21.70491542098339,19.53333333333333,0.84074783,0.31983363249999996,0.0001401,517.0603955530314,3.8429107829742173,-626.3944576247974,-1006.4156350522476,512.4693111002243,-1037.8718267993636,-186.44064153306513
39,87.2,-6.762944444444445,17.7,12.4,7.811111111111114,25.804915420983388,23.633333333333333,1.3388324,0.8179182025,0.0001401,202.18807213990675,1.50270786410584,265.97929194673367,117.37818094071176,82.23104201496191,309.55617065759566,87.45983967888728
40,87.2,-10.558,8.2,6.8,-1.6888888888888864,20.204915420983387,18.03333333333333,1.4097509,0.8888367024999999,0.0001401,186.0558908812757,1.382809813810612,113.39040473247016,-23.35412129991252,-19.366832297488433,-48.60427216633577,-10.37617213064733
41,87.2,-4.737972222222222,-19.6,12.1,-29.488888888888887,25.504915420983387,23.333333333333332,1.0213251,0.5004109025000001,0.0001401,330.47502303691874,2.456165740897427,-481.40848521589567,-724.2959862601966,447.1419098851214,-1168.6516030231273,-295.27684402151846
42,87.2,-8.045638888888888,42.6,16.7,32.711111111111116,30.10491542098339,27.93333333333333,1.663536,1.1426218025,0.0001407,144.58085525583863,1.0745578900507986,457.7616611616403,351.49982536772796,137.79453247983702,1296.3490276187217,185.16020428724082
43,87.45416666666667,-5.035583333333333,-17.4,16.3,-27.288888888888884,29.70491542098339,27.53333333333333,0.9948159,0.47390170249999997,0.0001401,348.9611952419877,2.5935591887688205,-451.27929884577475,-707.7534852906913,663.0104488642684,-1081.465085540618,-278.79730310826943
46,87.9625,-10.394944444444445,13.3,11.2,3.411111111111115,24.60491542098339,22.43333333333333,2.1312969,1.6103827025000002,0.0001415,102.38833124192237,0.7609734289540339,101.20946605088649,25.957649187654294,21.859073000129932,73.8712424416799,19.710372070034566
47,87.9625,-10.38075,28.5,1.8,18.611111111111114,15.204915420983388,13.033333333333333,2.1312969,1.6103827025000002,0.0001415,102.38833124192234,0.7609734289540337,216.87742725189963,141.6256103886674,8.944775392968468,403.0434237453215,107.5403036394393
