ID#,Ra(deg),Dec(deg),RM_Raw_Value,RM_Raw_Err,Scaled_RM,TotalRMScaledErrWithStDev,TotalRMScaledErrWithAvgErr,Extinction,Scaled_Extinction,eAbundance,BScaled_RM_ERR_with_0.05Uncty&StDev,BScaled_RM_ERR_with_0.05Uncty,Raw_Magnetic_FieldMagnetic_Field(uG),Magnetic_Field(uG),Reference_BField_RMErr(±),BField_of_Min_Extinction,BField_of_Max_Extinction
1,81.1,-10.203194444444444,-25.7,16.3,-35.58888888888889,29.70491542098339,27.53333333333333,1.6227919,1.1018777025,0.0001407,150.03690494793508,1.1151084956947968,-286.5828833935627,-396.8547235233815,251.70163398564665,-1397.4368445516093,-274.21869269234946
2,81.1,-10.149138888888888,-21.3,7.4,-31.188888888888886,20.804915420983388,18.633333333333333,0.9974991,0.47658490249999996,0.00014,347.24473318843286,2.5808020513223973,-549.7108369316707,-804.9234842291077,279.64477855846934,-1224.6660076978978,-240.31591332732592
3,81.35416666666667,-7.656916666666667,-41.6,13.2,-51.48888888888889,26.60491542098339,24.43333333333333,0.972172,0.4512578025,0.00014,366.7340407044769,2.7256510296047125,-1133.8708283155602,-1403.407430132026,445.31197302266213,-2021.767823182066,-958.7199213414154
4,81.35416666666667,-7.129444444444444,-9.6,14.9,-19.488888888888887,28.304915420983388,26.133333333333333,1.1187518,0.5978376025000001,0.00014,276.8169760787968,2.0573668983982727,-197.5072222462342,-400.9579488656189,622.320149801846,-765.2526460641657,-121.90595848858037
5,81.35416666666667,-7.808,-8.3,14.9,-18.188888888888886,28.304915420983388,26.133333333333333,0.86371434,0.3428001425,0.00014,482.76408552031967,3.588012785033439,-297.8050611577754,-652.6196587888599,1171.5702308378327,-714.2067169937509,-269.8817651135645
13,82.37083333333334,-5.066777777777777,-1.0,7.3,-10.888888888888886,20.704915420983387,18.53333333333333,1.1425351,0.6216209024999999,0.00014,266.22592104718973,1.9786517619575783,-19.786517619575783,-215.4531918576029,1572.808300560501,-427.5641922137299,-68.44215365737996
14,82.37083333333334,-4.888416666666666,8.5,6.5,-1.3888888888888857,19.904915420983386,17.733333333333334,0.91942126,0.3985070625,0.00014,415.2789570956419,3.0864479196056522,262.34807316648045,-42.86733221674507,-32.7809011069227,-54.53624900685319,-8.7298665379311
16,82.87916666666666,-9.5515,7.4,7.8,-2.4888888888888854,21.204915420983387,19.03333333333333,0.8232442,0.3023300025,0.0001398,528.3220447907285,3.926609928493439,290.56913470851447,-97.728958220281,-103.01160461056645,-97.728958220281,-27.332611919319817
17,82.87916666666666,-7.181972222222223,-36.3,5.0,-46.18888888888888,18.404915420983386,16.233333333333334,0.8276192,0.3067050025,0.0001398,528.3220447907285,3.926609928493439,-1425.359404043118,-1813.6574969719136,249.81508222753632,-1813.6574969719136,-422.3094960279231
22,83.89583333333333,-5.391472222222222,-13.5,10.2,-23.388888888888886,23.60491542098339,21.43333333333333,13.854413,13.3334988025,5.443e-07,21.22412411961899,0.1577425309305123,-21.29524167561916,-36.8942252898587,27.875636885671017,-117.9488620638092,-36.76000491146012
23,83.89583333333333,-5.378638888888888,10.9,9.4,1.0111111111111146,22.804915420983388,20.633333333333333,17.054918,16.5340038025,3.686e-07,21.205336408586785,0.1576028963773073,17.178715705126493,1.5935403967038901,1.3742458466987677,5.909017597050342,1.5891498560298731
25,85.16666666666667,-5.218055555555556,81.0,15.0,71.11111111111111,28.404915420983386,26.233333333333334,2.0721,1.5511858024999998,0.0001407,106.56548493958263,0.7920189878963507,641.535380196044,563.2135025040716,104.29879676001325,912.4788514921458,339.24564673075156
26,85.16666666666667,-10.382166666666668,28.1,15.5,18.211111111111116,28.904915420983386,26.733333333333334,1.139908,0.6189938024999999,0.00014,267.3558226946025,1.9870494486918309,558.3608950824045,361.86378293399014,199.60457777497678,715.0792969778608,81.18083672894046
27,85.42083333333333,-5.6971944444444444,58.9,2.2,49.01111111111111,15.604915420983389,13.433333333333334,2.3480268,1.8271126025,0.0001414,90.24903176658283,0.6707513867076152,395.0725667707853,328.7427074185878,12.279014538555066,1072.1596036098867,269.03686700708636
28,85.92916666666666,-5.043138888888889,45.9,11.6,36.01111111111111,25.004915420983387,22.833333333333332,1.445048,0.9241338025000001,0.00014,179.07752845156617,1.3309450327148753,610.9037700161276,479.28809455876785,121.12727444186726,1414.0158642496929,220.71823244464693
29,85.92916666666666,-10.51475,26.3,5.8,16.411111111111115,19.204915420983387,17.03333333333333,3.33734,2.8164258025000004,0.000142,58.36079785086736,0.43375075966551047,114.07644979202925,71.18331911399545,15.69822246620432,191.47967905638006,48.25163314716325
30,86.4375,-5.490944444444445,24.1,11.1,14.211111111111116,24.504915420983387,22.333333333333332,1.8468672,1.3259530025,0.0001407,124.67332549727705,0.9266005886803632,223.31074187196754,131.6802392135761,60.64940478301637,558.0148998381233,48.59606583310516
31,86.4375,-6.584,-0.3,6.9,-10.188888888888886,20.304915420983388,18.133333333333333,1.223674,0.7027598024999999,0.00014,235.48813794062704,1.7502015477063158,-5.2506046431189475,-178.32609102741014,4101.500093630434,-400.0779227142758,-86.28629628710095
33,86.4375,-5.492083333333333,23.5,9.5,13.611111111111114,22.904915420983386,20.733333333333334,1.8468672,1.3259530025,0.0001407,124.67332549727705,0.9266005886803632,217.75113833988533,126.12063568149391,50.98493782868902,534.4552402671626,46.544316376508064
34,86.4375,-10.862583333333331,-3.1,13.2,-12.988888888888885,26.60491542098339,24.43333333333333,2.3459888,1.8250746025000002,0.0001414,90.35009340042048,0.6715024998188878,-20.81657749438552,-87.22071358758662,371.3914255987559,-309.9156652674902,-67.35773934899973
35,86.94583333333334,-4.304583333333333,13.5,8.0,3.6111111111111143,21.404915420983386,19.233333333333334,2.418167,1.8972528025,0.0001414,86.90355459960183,0.6458870374173653,87.1947500513443,23.323698573404876,13.821451006462148,65.11397591362797,20.793504783296573
36,86.94583333333334,-4.297805555555556,10.6,6.7,0.7111111111111139,20.10491542098339,17.933333333333334,2.418167,1.8972528025,0.0001414,86.90355459960182,0.6458870374173653,68.46402596624071,4.592974488301282,2.9031065161904333,12.822444487606779,4.094720941941492
37,86.94583333333334,-11.49472222222222,-16.3,8.3,-26.188888888888886,21.70491542098339,19.53333333333333,0.84074783,0.31983363249999996,0.00014,517.430252774457,3.8456596461952293,-626.8425223298224,-1007.135531786906,512.8358842841301,-1028.335511273226,-186.51800736019283
39,87.2,-6.762944444444445,17.7,12.4,7.811111111111114,25.804915420983388,23.633333333333333,1.3388324,0.8179182025,0.00014,202.332698800951,1.503782762434957,266.16954895098735,117.46214244353055,82.28986250281237,306.71186441454313,87.522689846862
40,87.2,-10.558,8.2,6.8,-1.6888888888888864,20.204915420983387,18.03333333333333,1.4097509,0.8888367024999999,0.00014,186.18897807074725,1.3837989481552546,113.47151374873086,-23.370826679955375,-19.38068553947519,-48.63903917074659,-10.379887770714273
41,87.2,-4.737972222222222,-19.6,12.1,-29.488888888888887,25.504915420983387,23.333333333333332,1.0213251,0.5004109025000001,0.00014,330.7114143266448,2.4579226548751794,-481.7528403555351,-724.8140806709695,447.4617538836087,-1157.9136389135094,-295.48889989859447
42,87.2,-8.045638888888888,42.6,16.7,32.711111111111116,30.10491542098339,27.93333333333333,1.663536,1.1426218025,0.0001407,144.68472834139695,1.0753298985124522,458.09053676630464,351.7523579134066,137.89352998013828,1284.4377366094095,185.22129119657959
43,87.45416666666667,-5.035583333333333,-17.4,16.3,-27.288888888888884,29.70491542098339,27.53333333333333,0.9948159,0.47390170249999997,0.00014,349.210809830859,2.595414381321588,-451.60210234995634,-708.2597467250911,663.484705265459,-1071.5282204866537,-278.99754598011714
46,87.9625,-10.394944444444445,13.3,11.2,3.411111111111115,24.60491542098339,22.43333333333333,2.1312969,1.6103827025000002,0.0001414,102.43374813771798,0.7613109776815776,101.25436003164984,25.969163349804955,21.868769136677855,73.92408310150942,19.717010187108265
47,87.9625,-10.38075,28.5,1.8,18.611111111111114,15.204915420983388,13.033333333333333,2.1312969,1.6103827025000002,0.0001414,102.433748137718,0.7613109776815777,216.97362863924963,141.68843195740476,8.948743070993984,403.33172376230675,107.57652137917366
