ID#,Ra(deg),Dec(deg),RM_Raw_Value,RM_Raw_Err,Scaled_RM,TotalRMScaledErrWithStDev,TotalRMScaledErrWithAvgErr,Extinction,Scaled_Extinction,eAbundance,BScaled_RM_ERR_with_0.05Uncty&StDev,BScaled_RM_ERR_with_0.05Uncty,Raw_Magnetic_FieldMagnetic_Field(uG),Magnetic_Field(uG),Reference_BField_RMErr(±),BField_of_Min_Extinction,BField_of_Max_Extinction
1,81.1,-10.203194444444444,-25.7,16.3,-35.58888888888889,29.70491542098339,27.53333333333333,1.6227919,1.1018777025,0.000141,149.89443784600954,1.1140496477015691,-286.3107594593032,-396.4778912875695,251.4626314391978,-1283.0728021671534,-274.478949999386
2,81.1,-10.149138888888888,-21.3,7.4,-31.188888888888886,20.804915420983388,18.633333333333333,0.9974991,0.47658490249999996,0.0001402,347.24473318843286,2.5808020513223973,-549.7108369316707,-804.9234842291077,279.64477855846934,-1124.441259969778,-240.5439939582505
3,81.35416666666667,-7.656916666666667,-41.6,13.2,-51.48888888888889,26.60491542098339,24.43333333333333,0.972172,0.4512578025,0.0001402,366.7340407044769,2.7256510296047125,-1133.8708283155602,-1403.407430132026,445.31197302266213,-1856.3095114713046,-958.7199213414154
4,81.35416666666667,-7.129444444444444,-9.6,14.9,-19.488888888888887,28.304915420983388,26.133333333333333,1.1187518,0.5978376025000001,0.0001402,276.8169760787968,2.0573668983982727,-197.5072222462342,-400.9579488656189,622.320149801846,-702.6255682176668,-121.74966836880819
5,81.35416666666667,-7.808,-8.3,14.9,-18.188888888888886,28.304915420983388,26.133333333333333,0.86371434,0.3428001425,0.0001402,482.76408552031967,3.5880127850334382,-297.8050611577754,-652.6196587888597,1171.5702308378325,-655.7571580229878,-269.8817651135645
13,82.37083333333334,-5.066777777777777,-1.0,7.3,-10.888888888888886,20.704915420983387,18.53333333333333,1.1425351,0.6216209024999999,0.0001402,266.2259210471896,1.9786517619575776,-19.786517619575775,-215.45319185760283,1572.8083005605006,-392.5730084682516,-68.35468813363872
14,82.37083333333334,-4.888416666666666,8.5,6.5,-1.3888888888888857,19.904915420983386,17.733333333333334,0.91942126,0.3985070625,0.0001402,415.2789570956419,3.0864479196056522,262.34807316648045,-42.86733221674507,-32.7809011069227,-50.073087814827915,-8.71871022112737
16,82.87916666666666,-9.5515,7.4,7.8,-2.4888888888888854,21.204915420983387,19.03333333333333,0.8232442,0.3023300025,0.0001398,485.08499621950926,3.605262322667618,266.7894118774037,-89.7309733641717,-94.58129624872151,-89.7309733641717,-27.306460367503636
17,82.87916666666666,-7.181972222222223,-36.3,5.0,-46.18888888888888,18.404915420983386,16.233333333333334,0.8276192,0.3067050025,0.0001398,485.0849962195092,3.605262322667618,-1308.7102231283452,-1665.2306083699207,229.37060721348772,-1665.2306083699207,-421.87220630111256
22,83.89583333333333,-5.391472222222222,-13.5,10.2,-23.388888888888886,23.60491542098339,21.43333333333333,13.854413,13.3334988025,3.951e-07,21.458035846314665,0.15948101623032238,-21.529937191093516,-37.30083768498095,28.182855139763383,-117.81245093482441,-37.17163250617051
23,83.89583333333333,-5.378638888888888,10.9,9.4,1.0111111111111146,22.804915420983388,20.633333333333333,17.054918,16.5340038025,3.603e-07,21.438867925044978,0.15933855586791984,17.36790258960326,1.6110898426645284,1.3893802312886758,5.9011132860607205,1.6069446831646217
25,85.16666666666667,-5.218055555555556,81.0,15.0,71.11111111111111,28.404915420983386,26.233333333333334,2.0721,1.5511858024999998,0.000141,106.44956352390864,0.7911574334974787,640.8375211329576,562.600841598207,104.185341036705,913.3572544139071,338.83568691445566
26,85.16666666666667,-10.382166666666668,28.1,15.5,18.211111111111116,28.904915420983386,26.733333333333334,1.139908,0.6189938024999999,0.0001402,267.3558226946025,1.9870494486918309,558.3608950824045,361.86378293399014,199.60457777497678,656.5583274280252,81.07789192184424
27,85.42083333333333,-5.6971944444444444,58.9,2.2,49.01111111111111,15.604915420983389,13.433333333333334,2.3480268,1.8271126025,0.0001417,90.13885155051723,0.6699325022135977,394.590243803809,328.34136302935326,12.264023746427458,1072.1596036098867,269.06237226777915
28,85.92916666666666,-5.043138888888889,45.9,11.6,36.01111111111111,25.004915420983387,22.833333333333332,1.445048,0.9241338025000001,0.0001402,179.07752845156617,1.3309450327148753,610.9037700161276,479.28809455876785,121.12727444186726,1298.2950208628613,220.43149743348272
29,85.92916666666666,-10.51475,26.3,5.8,16.411111111111115,19.204915420983387,17.03333333333333,3.33734,2.8164258025000004,0.0001422,58.28545310956705,0.4331907803646907,113.92917523591366,71.0914202887387,15.677955805121083,191.30209343141638,48.21109516238756
30,86.4375,-5.490944444444445,24.1,11.1,14.211111111111116,24.504915420983387,22.333333333333332,1.8468672,1.3259530025,0.000141,124.54488540196304,0.9256459925993378,223.0806842164404,131.54458050383926,60.586922970647954,512.3478345213206,48.56197967628189
31,86.4375,-6.584,-0.3,6.9,-10.188888888888886,20.304915420983388,18.133333333333333,1.223674,0.7027598024999999,0.0001402,235.48813794062704,1.7502015477063158,-5.2506046431189475,-178.32609102741014,4101.500093630434,-367.3361722095783,-86.19445929135829
33,86.4375,-5.492083333333333,23.5,9.5,13.611111111111114,22.904915420983386,20.733333333333334,1.8468672,1.3259530025,0.000141,124.54488540196304,0.9256459925993377,217.52680826084435,125.99070454824322,50.93241247694938,490.7162605853148,46.51166935374926
34,86.4375,-10.862583333333331,-3.1,13.2,-12.988888888888885,26.60491542098339,24.43333333333333,2.3459888,1.8250746025000002,0.0001417,90.2398816337121,0.6706833808332976,-20.791184805832227,-87.11431913268052,370.93839114560734,-309.91566526749017,-67.37431079543062
35,86.94583333333334,-4.304583333333333,13.5,8.0,3.6111111111111143,21.404915420983386,19.233333333333334,2.418167,1.8972528025,0.0001417,86.7945348773663,0.6450767779781605,87.08536502705168,23.29443920476693,13.804112121343366,65.11397591362797,20.7654483646627
36,86.94583333333334,-4.297805555555556,10.6,6.7,0.7111111111111139,20.10491542098339,17.933333333333334,2.418167,1.8972528025,0.0001417,86.7945348773663,0.6450767779781607,68.37813846568501,4.587212643400271,2.8994645953567755,12.822444487606779,4.089195985656667
37,86.94583333333334,-11.49472222222222,-16.3,8.3,-26.188888888888886,21.70491542098339,19.53333333333333,0.84074783,0.31983363249999996,0.0001398,485.08499621950926,3.605262322667618,-587.6577585948218,-944.1781438363972,480.7778278430735,-944.1781438363972,-186.30076000050116
39,87.2,-6.762944444444445,17.7,12.4,7.811111111111114,25.804915420983388,23.633333333333333,1.3388324,0.8179182025,0.0001402,202.33269880095105,1.5037827624349573,266.1695489509874,117.46214244353058,82.2898625028124,281.61104587059293,87.43978448818565
40,87.2,-10.558,8.2,6.8,-1.6888888888888864,20.204915420983387,18.03333333333333,1.4097509,0.8888367024999999,0.0001402,186.18897807074725,1.3837989481552546,113.47151374873086,-23.370826679955375,-19.38068553947519,-48.63903917074659,-10.366426876048887
41,87.2,-4.737972222222222,-19.6,12.1,-29.488888888888887,25.504915420983387,23.333333333333332,1.0213251,0.5004109025000001,0.0001402,330.7114143266448,2.4579226548751794,-481.7528403555351,-724.8140806709695,447.4617538836087,-1063.1518004844286,-295.19402117931514
42,87.2,-8.045638888888888,42.6,16.7,32.711111111111116,30.10491542098339,27.93333333333333,1.663536,1.1426218025,0.000141,144.54488040189491,1.0742905167316947,457.647760127702,351.4123645842344,137.76024621025152,1179.3213642148298,184.96897232196076
43,87.45416666666667,-5.035583333333333,-17.4,16.3,-27.288888888888884,29.70491542098339,27.53333333333333,0.9948159,0.47390170249999997,0.0001402,349.210809830859,2.595414381321588,-451.6021023499562,-708.259746725091,663.4847052654588,-983.836029385741,-278.72155414632755
46,87.9625,-10.394944444444445,13.3,11.2,3.411111111111115,24.60491542098339,22.43333333333333,2.1312969,1.6103827025000002,0.000141,102.53416178575168,0.7620572748145726,101.35361755033816,25.99462037423045,21.890206630930905,73.92408310150942,19.690465030340015
47,87.9625,-10.38075,28.5,1.8,18.611111111111114,15.204915420983388,13.033333333333333,2.1312969,1.6103827025000002,0.000141,102.53416178575169,0.7620572748145727,217.18632332215319,141.8273261460455,8.957515335539716,403.33172376230675,107.4316903121156
