ID#,Ra(deg),Dec(deg),RM_Raw_Value,RM_Raw_Err,Scaled_RM,TotalRMScaledErrWithStDev,TotalRMScaledErrWithAvgErr,Extinction,Scaled_Extinction,eAbundance,BScaled_RM_ERR_with_0.05Uncty&StDev,BScaled_RM_ERR_with_0.05Uncty,Raw_Magnetic_FieldMagnetic_Field(uG),Magnetic_Field(uG),Reference_BField_RMErr(±),BField_of_Min_Extinction,BField_of_Max_Extinction
1,81.1,-10.203194444444444,-25.7,16.3,-35.58888888888889,29.70491542098339,27.53333333333333,1.6227919,1.1018777025,0.0001404,150.1905310678049,1.1162502800543643,-286.8763219739716,-397.2610718904587,251.95935687994077,-1176.1328313916547,-274.1943679377582
2,81.1,-10.149138888888888,-21.3,7.4,-31.188888888888886,20.804915420983388,18.633333333333333,0.9974991,0.47658490249999996,0.0001404,347.24473318843286,2.5808020513223973,-549.7108369316707,-804.9234842291077,279.64477855846934,-1030.7227154905947,-240.29459594170692
3,81.35416666666667,-7.656916666666667,-41.6,13.2,-51.48888888888889,26.60491542098339,24.43333333333333,0.972172,0.4512578025,0.0001404,366.7340407044769,2.7256510296047125,-1133.8708283155602,-1403.407430132026,445.31197302266213,-1701.5921138523036,-958.7199213414154
4,81.35416666666667,-7.129444444444444,-9.6,14.9,-19.488888888888887,28.304915420983388,26.133333333333333,1.1187518,0.5978376025000001,0.0001404,276.8169760787968,2.0573668983982727,-197.5072222462342,-400.9579488656189,622.320149801846,-644.0639982082305,-121.61061074753034
5,81.35416666666667,-7.808,-8.3,14.9,-18.188888888888886,28.304915420983388,26.133333333333333,0.86371434,0.3428001425,0.0001398,444.6547297282169,3.304775361387728,-274.29635499518145,-601.10191851019,1079.0865766026302,-601.10191851019,-269.8817651135645
13,82.37083333333334,-5.066777777777777,-1.0,7.3,-10.888888888888886,20.704915420983387,18.53333333333333,1.1425351,0.6216209024999999,0.0001404,266.2259210471896,1.9786517619575776,-19.786517619575775,-215.45319185760283,1572.8083005605006,-359.85331712888586,-68.2769421026442
14,82.37083333333334,-4.888416666666666,8.5,6.5,-1.3888888888888857,19.904915420983386,17.733333333333334,0.91942126,0.3985070625,0.0001404,415.2789570956419,3.0864479196056522,262.34807316648045,-42.86733221674507,-32.7809011069227,-45.899657797051674,-8.708793635541333
16,82.87916666666666,-9.5515,7.4,7.8,-2.4888888888888854,21.204915420983387,19.03333333333333,0.8232442,0.3023300025,0.0001398,444.654729728217,3.3047753613877284,244.55337674269188,-82.25218677231668,-86.69825092217162,-82.25218677231668,-27.28262453132225
17,82.87916666666666,-7.181972222222223,-36.3,5.0,-46.18888888888888,18.404915420983386,16.233333333333334,0.8276192,0.3067050025,0.0001398,444.6547297282169,3.304775361387728,-1199.6334561837452,-1526.4390196987538,210.25330849845093,-1526.4390196987538,-421.4649573125047
22,83.89583333333333,-5.391472222222222,-13.5,10.2,-23.388888888888886,23.60491542098339,21.43333333333333,13.854413,13.3334988025,3.947e-07,21.705891885224066,0.16132313883871024,-21.778623743225882,-37.73168969505389,28.50838776959627,-117.82921927101822,-37.61108677990872
23,83.89583333333333,-5.378638888888888,10.9,9.4,1.0111111111111146,22.804915420983388,20.633333333333333,17.054918,16.5340038025,3.403e-07,21.688747751147872,0.1611957197242842,17.57033344994698,1.629867832767768,1.405574094313488,5.893992191715844,1.6259424688701691
25,85.16666666666667,-5.218055555555556,81.0,15.0,71.11111111111111,28.404915420983386,26.233333333333334,2.0721,1.5511858024999998,0.0001413,106.34026146013699,0.7903450756315853,640.179511261584,562.0231648935718,104.07836386917995,913.3572544139071,338.9330228543115
26,85.16666666666667,-10.382166666666668,28.1,15.5,18.211111111111116,28.904915420983386,26.733333333333334,1.139908,0.6189938024999999,0.0001404,267.3558226946025,1.9870494486918309,558.3608950824045,361.86378293399014,199.60457777497678,601.836313034943,80.98547160303279
27,85.42083333333333,-5.6971944444444444,58.9,2.2,49.01111111111111,15.604915420983389,13.433333333333334,2.3480268,1.8271126025,0.0001413,90.26698126169765,0.6708847914489547,395.1511421634343,328.8080905645933,12.281456693414352,1072.1596036098867,268.72303553820825
28,85.92916666666666,-5.043138888888889,45.9,11.6,36.01111111111111,25.004915420983387,22.833333333333332,1.445048,0.9241338025000001,0.0001404,179.07752845156617,1.3309450327148753,610.9037700161276,479.28809455876785,121.12727444186726,1190.0863273619586,220.17536638765037
29,85.92916666666666,-10.51475,26.3,5.8,16.411111111111115,19.204915420983387,17.03333333333333,3.33734,2.8164258025000004,0.0001423,58.21748150960896,0.4326855999318796,113.79631278208434,71.00851456659848,15.65967241392666,191.67213321577208,48.19397454780911
30,86.4375,-5.490944444444445,24.1,11.1,14.211111111111116,24.504915420983387,22.333333333333332,1.8468672,1.3259530025,0.0001413,124.42542698547234,0.9247581504037309,222.86671424729914,131.41840826293023,60.5288104447521,469.6452985794339,48.52463870615921
31,86.4375,-6.584,-0.3,6.9,-10.188888888888886,20.304915420983388,18.133333333333333,1.223674,0.7027598024999999,0.0001404,235.48813794062704,1.7502015477063158,-5.2506046431189475,-178.32609102741014,4101.500093630434,-336.7198895991718,-86.10833087331673
33,86.4375,-5.492083333333333,23.5,9.5,13.611111111111114,22.904915420983386,20.733333333333334,1.8468672,1.3259530025,0.0001413,124.42542698547234,0.924758150403731,217.31816534487675,125.86985936050785,50.883560167013805,449.8166464111075,46.47590493748634
34,86.4375,-10.862583333333331,-3.1,13.2,-12.988888888888885,26.60491542098339,24.43333333333333,2.3459888,1.8250746025000002,0.0001413,90.36786731211755,0.6716345995842223,-20.820672587110888,-87.2378718793284,371.46448671197896,-309.91566526749017,-67.28613424043091
35,86.94583333333334,-4.304583333333333,13.5,8.0,3.6111111111111143,21.404915420983386,19.233333333333334,2.418167,1.8972528025,0.000142,86.6981798377079,0.644360645348236,86.98868712201187,23.268578859797433,13.788787472472553,65.11397591362797,20.74010979949109
36,86.94583333333334,-4.297805555555556,10.6,6.7,0.7111111111111139,20.10491542098339,17.933333333333334,2.418167,1.8972528025,0.000142,86.69817983770788,0.644360645348236,68.30222840691302,4.582120144698585,2.8962457518377853,12.822444487606779,4.084206237438258
37,86.94583333333334,-11.49472222222222,-16.3,8.3,-26.188888888888886,21.70491542098339,19.53333333333333,0.84074783,0.31983363249999996,0.0001398,444.654729728217,3.3047753613877284,-538.6783839061997,-865.4839474212083,440.70654991386687,-865.4839474212083,-186.53281264965617
39,87.2,-6.762944444444445,17.7,12.4,7.811111111111114,25.804915420983388,23.633333333333333,1.3388324,0.8179182025,0.0001404,202.33269880095105,1.5037827624349573,266.1695489509874,117.46214244353058,82.2898625028124,258.1396754506193,87.61213457466953
40,87.2,-10.558,8.2,6.8,-1.6888888888888864,20.204915420983387,18.03333333333333,1.4097509,0.8888367024999999,0.0001404,186.18897807074725,1.3837989481552546,113.47151374873086,-23.370826679955375,-19.38068553947519,-48.63903917074659,-10.354408961470668
41,87.2,-4.737972222222222,-19.6,12.1,-29.488888888888887,25.504915420983387,23.333333333333332,1.0213251,0.5004109025000001,0.0001404,330.7114143266448,2.4579226548751794,-481.7528403555351,-724.8140806709695,447.4617538836087,-974.5415343470033,-294.92207636440855
42,87.2,-8.045638888888888,42.6,16.7,32.711111111111116,30.10491542098339,27.93333333333333,1.663536,1.1426218025,0.0001413,144.4170460112456,1.073340422385877,457.2430199363836,351.1015781671136,137.6384120983755,1081.0287404361636,184.74048304584124
43,87.45416666666667,-5.035583333333333,-17.4,16.3,-27.288888888888884,29.70491542098339,27.53333333333333,0.9948159,0.47390170249999997,0.0001404,349.210809830859,2.595414381321588,-451.60210234995634,-708.2597467250911,663.484705265459,-901.8364763964732,-278.46763590630997
46,87.9625,-10.394944444444445,13.3,11.2,3.411111111111115,24.60491542098339,22.43333333333333,2.1312969,1.6103827025000002,0.0001413,102.42737957022443,0.7612636450355201,101.24806478972418,25.967548780656106,21.867409499499878,73.92408310150942,19.66650632221278
47,87.9625,-10.38075,28.5,1.8,18.611111111111114,15.204915420983388,13.033333333333333,2.1312969,1.6103827025000002,0.0001413,102.42737957022446,0.7612636450355202,216.96013883512325,141.67962282605518,8.948186704803485,403.33172376230675,107.30097097624225
