ID#,Extinction_Index_x,Extinction_Index_y,Ra(deg),Dec(deg),Rotation_Measure(rad/m2),RM_Err(rad/m2),RA_inExtincFile(degree),Dec_inExtincFile(degree),Extinction_Value,Error_Range(pix),Min_Extinction_Value,Min_Extinction_Ra,Min_Extinction_Dec,Max_Extinction_Value,Max_Extinction_RA,Max_Extinction_dec
8,367,97,81.60833333333333,-9.334194444444446,-43.3,9.6,81.60840960927115,-9.327901596245756,0.094613165,1,0.0469728,81.58298951778853,-9.352539783390032,0.57402784,81.58341960241097,-9.30271927413289
21,286,18,83.64166666666667,-11.317277777777775,14.0,6.2,83.6461601823165,-11.312168560547102,0.13670546,1,0.09909868,83.64605914082043,-11.337029964305875,0.6096555,83.67156684715395,-11.312321481726672
32,176,14,86.4375,-11.404,16.8,12.9,86.4431557481504,-11.415457855170144,0.20649806,1,0.20532115,86.41772593511385,-11.415542182632402,0.69739896,86.41778007622699,-11.440405916074926
45,115,153,87.9625,-7.938166666666667,103.6,15.8,87.97364006029633,-7.941850767436205,0.34535423,1,0.07260627,87.97350002453227,-7.91687850601306,0.82921207,87.97378011160053,-7.966822763114959
24,256,13,84.40416666666667,-11.437555555555557,-23.0,15.1,84.40833218082204,-11.4401458045886,0.44386816,1,0.08844935,84.38284230350332,-11.464916105269658,0.59301674,84.40839059350554,-11.415282635251378
20,286,24,83.64166666666667,-11.158055555555556,20.0,17.3,83.64676619391095,-11.162968249142358,0.47842258,1,0.07186193,83.64666522022881,-11.187838717854046,1.0727421,83.6214711387366,-11.137943601578478
12,356,24,81.8625,-11.137416666666669,29.4,4.8,81.87122547863082,-11.147119721003936,0.4823561,1,0.18121347,81.84610362999702,-11.121982149404326,0.7775852,81.89635151926572,-11.17225505107886
6,376,30,81.35416666666667,-10.986277777777778,-15.5,15.6,81.3664087271214,-10.99173272373245,0.4960014,1,0.13556537,81.3408947387865,-11.016222504902103,0.90297174,81.39192148196197,-10.967237933187334
38,145,222,87.2,-6.211777777777778,-26.3,16.9,87.21074572157588,-6.221687174386006,0.5192787,1,0.3446117,87.18552886677908,-6.1967894107345645,0.90659434,87.18572084890543,-6.246750422666431
15,336,31,82.37083333333334,-10.982416666666667,-19.6,14.5,82.3791718212969,-10.978733924094284,0.6013364,1,0.07605472,82.3793434255411,-10.953874754096097,2.0966911,82.35365933854976,-11.003335807153878
0,407,31,80.59166666666667,-10.958277777777775,-0.0,10.0,80.58364300508433,-10.955459555791675,0.6128426,1,0.48300135,80.55868639450989,-10.930252080391837,1.6954925,80.60860426138979,-10.980665401185648
7,368,207,81.60833333333333,-6.573666666666666,-33.1,3.7,81.60671566182165,-6.584797404795431,0.641712,1,0.35263547,81.63197946054503,-6.560047569246649,1.0459086,81.63155733289479,-6.609929806063221
11,356,40,81.8625,-10.737944444444445,-61.2,11.8,81.8744215131946,-10.749562648878,0.69448584,1,0.15962084,81.8999217546373,-10.72499180054391,1.2671691,81.89952541554587,-10.77470975220937
10,358,286,81.8625,-4.623472222222222,76.0,15.0,81.87293442770459,-4.617343995280291,0.69934416,1,0.11543585,81.84777894668213,-4.642116781130467,0.84569985,81.89789294483357,-4.61746879293604
9,358,286,81.8625,-4.613138888888889,78.3,2.5,81.87293442770459,-4.617343995280291,0.69934416,1,0.11543585,81.84777894668213,-4.642116781130467,0.84569985,81.89789294483357,-4.61746879293604
18,307,122,83.13333333333334,-8.710999999999999,67.1,9.4,83.12632738129699,-8.717093362408535,0.7174646,1,0.3639161,83.15157048290969,-8.71724605625543,1.0631045,83.10121589941974,-8.691976138430805
44,125,213,87.70833333333333,-6.440138888888889,95.6,11.9,87.71413489257488,-6.444554417269791,0.7442724,1,0.73542327,87.7391253803991,-6.41946811963534,1.4978756,87.68889304857478,-6.419688654483932
19,307,136,83.13333333333334,-8.364138888888888,-100.8,9.2,83.12813649533058,-8.36756033670516,0.76255554,1,0.48687643,83.12826561008892,-8.342590181393152,1.2325295,83.10278336729392,-8.392381503703838
16,317,88,82.87916666666666,-9.5515,7.4,7.8,82.86906533631455,-9.563674489558824,0.8232442,1,0.60003793,82.89448910016351,-9.53892554436388,1.028251,82.8436397530331,-9.58841975552171
17,317,183,82.87916666666666,-7.181972222222223,-36.3,5.0,82.8826609739152,-7.192332440595239,0.8276192,1,0.26255095,82.90795048234814,-7.16749655174856,1.0041146,82.8825186070729,-7.217307307171044
37,156,11,86.94583333333334,-11.49472222222222,-16.3,8.3,86.9519087372305,-11.48788387464879,0.84074783,1,0.51881003,86.92656700711031,-11.512867166779165,1.1238904,86.95182469093692,-11.463028158901212
5,378,158,81.35416666666667,-7.808,-8.3,14.9,81.34515750129958,-7.804634723577301,0.86371434,1,0.63006127,81.34538490364717,-7.779701123714355,1.0426197,81.34493007380416,-7.829568106078287
14,338,275,82.37083333333334,-4.888416666666666,8.5,6.5,82.3704842058928,-4.893758057086651,0.91942126,1,0.7512227,82.39548303444613,-4.893871953327039,1.5344061,82.34531539105335,-4.9185647839178985
3,378,164,81.35416666666667,-7.656916666666667,-41.6,13.2,81.34652153831406,-7.655030194459971,0.972172,1,0.093610846,81.32165494217594,-7.629857789465403,1.1762255,81.34629426164295,-7.679964739492034
43,135,269,87.45416666666667,-5.035583333333333,-17.4,16.3,87.45669999686199,-5.047492396874408,0.9948159,1,0.7638257,87.48174786113654,-5.047415048008959,1.0747933,87.43176067420104,-5.072517387817496
2,387,64,81.1,-10.149138888888888,-21.3,7.4,81.0966219858081,-10.143199422236997,0.9974991,1,0.411771,81.09686431541142,-10.118334568596875,1.7667426,81.07115913615971,-10.167728480572308
