ID#,Ra(deg),Dec(deg),RM_Raw_Value,RM_Raw_Err,Scaled_RM,TotalRMScaledErrWithStDev,TotalRMScaledErrWithAvgErr,Extinction,Scaled_Extinction,eAbundance,BScaled_RM_ERR_with_0.05Uncty&StDev,BScaled_RM_ERR_with_0.05Uncty,Raw_Magnetic_FieldMagnetic_Field(uG),Magnetic_Field(uG),Reference_BField_RMErr(±),BField_of_Min_Extinction,BField_of_Max_Extinction
0,50.083333333333336,29.68769444444445,59.2,14.6,13.62222222222222,36.85946601247419,26.744444444444444,2.223773,1.6369379344444444,0.000117,179.53308810432998,0.8047395128325583,476.40579159687456,109.6234047480796,27.035501846654764,130.15914251110644,89.9686185454345
1,50.083333333333336,31.12605555555556,89.6,10.6,44.02222222222221,32.85946601247419,22.744444444444444,1.6087866,1.0219515344444443,0.0001296,278.09163689274743,1.2465185708042241,1116.880639440585,548.7451752807038,64.91851403990471,1242.5747800997085,362.66111277215174
3,50.083333333333336,30.717916666666664,40.1,11.2,-5.477777777777781,33.459466012474195,23.34444444444444,1.535315,0.9484799344444443,0.0001296,299.37883296692917,1.3419363457625273,538.1164746507734,-73.50829094010292,-20.53099397828311,-94.14305995968164,-45.20816822209206
5,51.35416666666666,31.47686111111111,35.1,1.8,-10.477777777777781,24.059466012474193,13.944444444444445,1.8411709,1.2543358344444444,0.0001242,229.5870770749989,1.029101624156431,361.2146700789073,-107.82698128661275,-5.529588783928859,-123.09630405053201,-67.3156962668393
6,51.35416666666666,33.71738888888889,2.4,11.1,-43.177777777777784,33.35946601247419,23.244444444444444,1.8839344,1.2970993344444444,0.0001242,222.2163493327767,0.99606305775551,23.905513386132238,-430.0778936042125,-1989.1102579194826,-814.0624468368136,-391.8464795577923
7,51.60833333333333,28.107666666666667,46.8,10.2,1.2222222222222143,32.459466012474195,22.34444444444444,1.4590602,0.8722251344444443,0.0001296,325.2163381122298,1.457750436206708,682.2272041447393,17.816949775859648,3.883181361405308,98.66702330225615,13.314825749524202
8,51.8625,29.02272222222222,26.2,11.7,-19.377777777777784,33.959466012474195,23.84444444444444,1.3500432,0.7632081344444444,0.0001335,368.1082498151217,1.6500092364796917,432.30241995767915,-319.73512315784257,-142.78247866209,-429.47031029093336,-216.29623480524177
9,51.8625,31.403166666666664,15.1,14.1,-30.47777777777778,36.35946601247419,26.244444444444444,2.951023,2.3641879344444447,8.596e-05,133.5229238427353,0.5985034503653152,90.37402100516258,-182.41055159467328,-170.33038261489358,-220.07922240379193,-168.53793720326328
10,52.11666666666667,29.444277777777778,18.9,9.8,-26.677777777777784,32.05946601247419,21.944444444444443,1.2254761,0.6386410344444444,0.0001335,439.69176509072486,1.9708753443263687,372.4954400776836,-525.7857446364013,-272.62964536702293,-1603.96092638218,-261.444877873912
12,52.11666666666667,29.36583333333333,24.8,2.0,-20.777777777777782,24.259466012474192,14.144444444444444,1.6614591,1.0746240344444444,0.0001296,264.6033397446683,1.1860585977123659,294.1425322326667,-246.43661974690272,-19.873920947330863,-454.1827140437357,-184.40293129540638
13,52.11666666666667,30.831722222222226,60.2,3.1,14.62222222222222,25.359466012474194,15.244444444444444,4.2798996,3.693064534444445,4.126e-05,102.48161697272141,0.45936382751348454,276.5370241631177,67.16919966752728,3.4588790526467537,87.48531064563477,62.85665199626281
14,52.37083333333333,33.677388888888885,29.9,11.6,-15.677777777777784,33.85946601247419,23.744444444444444,1.1284653,0.5416302344444444,0.0001335,518.1651537092405,2.322624635746601,694.4647660882337,-364.13592900427284,-141.27012630266105,-1134.1139998057179,-245.79371233607492
15,52.625,30.546833333333336,-8.3,10.6,-53.87777777777778,32.85946601247419,22.744444444444444,6.3971705,5.810335434444444,4.874e-06,92.6368306775393,0.4152355355602954,-34.464549451504524,-223.71967910354138,285.714288975607,-260.79480004206596,-222.51812759074497
16,52.625,28.6525,6.5,7.8,-39.07777777777778,30.059466012474193,19.944444444444443,1.1347855,0.5479504344444444,0.0001335,512.2094593110384,2.295928817949474,149.2353731667158,-897.1979614142556,-1076.6375536971066,-1712.5314460225602,-476.29104382250154
17,52.625,30.064722222222223,28.1,5.7,-17.47777777777778,27.95946601247419,17.844444444444445,1.0084964,0.4216613344444444,0.0001362,659.7255098284683,2.957155090397892,830.9605804018076,-516.8449952439872,-104.84044387511484,-1410.9384332222724,-263.273851888378
18,52.87916666666667,28.679194444444445,19.9,12.3,-25.677777777777784,34.55946601247419,24.444444444444443,1.2376827,0.6508476344444443,0.0001335,431.4697330221025,1.934020889522183,384.8701570149144,-496.61358618730736,-306.9521160856222,-1033.8514233240664,-323.58117200567045
19,53.13333333333333,29.549722222222226,33.0,12.1,-12.577777777777783,34.35946601247419,24.244444444444444,0.9465114,0.35967633444444436,0.0001362,773.4196337131579,3.466777883794732,1144.0367016522614,-436.0436182728487,-159.88266003337785,-568.0256464773796,-353.7328252269158
20,53.13333333333333,31.861861111111114,67.4,12.4,21.822222222222223,34.65946601247419,24.544444444444444,1.37211,0.7852749344444443,0.0001296,360.7136495123081,1.6168636636601583,1089.7661093069469,352.8355817142835,64.91337111657441,917.9598270010262,209.3795570456023
21,53.641666666666666,31.202916666666667,28.2,7.7,-17.377777777777784,29.95946601247419,19.844444444444445,3.4997888,2.9129537344444447,7.398e-05,114.88004663146806,0.5149385761507409,145.2126784745089,-89.48488145552876,-24.433815149204662,-100.77932879609878,-81.35268807323466
22,53.895833333333336,30.54002777777778,22.2,5.2,-23.377777777777784,27.45946601247419,17.344444444444445,1.9867043,1.3998692344444443,0.000117,208.2267145087635,0.933355887551656,207.2050070364676,-218.1978652676316,-51.10940988250831,-247.9507518643592,-192.49581946359578
23,54.15,32.30811111111111,34.3,1.5,-11.277777777777786,23.759466012474192,13.644444444444444,1.0281031,0.4412680344444444,0.0001362,630.412169310071,2.8257609077580796,969.2359913610212,-318.68303570827254,-13.936575905609589,-381.6205090725969,-102.49091342206046
25,54.40416666666667,30.01377777777778,-3.5,17.3,-49.07777777777778,39.55946601247419,29.444444444444443,0.9476806,0.36084553444444434,0.0001362,770.9136244947546,3.4555449425087237,-120.94407298780533,-1695.9046678956704,8382.614501312886,-3961.929472055166,-781.5406982224897
29,54.40416666666667,31.253944444444443,110.8,16.1,65.22222222222221,38.35946601247419,28.244444444444447,2.8611934,2.274358334444444,9.754e-05,136.34578999235146,0.6111566718634798,677.1615924247355,398.6099626487362,57.920761720619616,450.1357319548387,293.65237080915074
30,54.40416666666667,30.93338888888889,48.7,2.9,3.12222222222222,25.15946601247419,15.044444444444444,3.0965137,2.5096786344444446,8.596e-05,127.23800950810546,0.5703319363940005,277.75165302387825,17.80703045852378,1.0603775837724632,23.14508793227694,17.32284406435675
31,54.9125,32.909083333333335,126.8,16.0,81.22222222222221,38.25946601247419,28.144444444444446,2.0341504,1.4473153344444445,0.000117,201.77270420376584,0.9044264174272301,1146.8126972977275,734.5952345992279,92.69340499674799,1273.0113387185277,575.0538961703103
32,54.9125,29.561666666666667,6.6,8.5,-38.97777777777778,30.759466012474192,20.644444444444446,1.2634866,0.6766515344444444,0.0001335,415.0625137115046,1.860477133246601,122.79149079427563,-725.1726426032307,-933.9344639587061,-3146.5810704028804,-725.1726426032307
33,55.16666666666666,32.15036111111111,200.0,1.3,154.42222222222222,23.559466012474193,13.444444444444445,2.437452,1.8506169344444443,0.0001081,161.9332466328301,0.7258499443343297,1451.6998886686595,1120.8736140398348,7.285678491258927,1925.156926757597,929.4978591945174
35,55.675,30.34272222222222,19.2,10.8,-26.377777777777784,33.05946601247419,22.944444444444443,1.0979235,0.5110884344444444,0.0001335,549.0134814748257,2.460899248632165,472.4926557373757,-649.1305351391957,-365.1359260157976,-2129.4137574505244,-415.1550823545997
36,55.92916666666667,29.425583333333336,29.4,17.4,-16.177777777777784,39.65946601247419,29.544444444444444,1.7379504,1.1511153344444442,0.0001242,249.56802153756888,1.1186642539898737,328.8872906730229,-180.97501708991743,-107.10766317566542,-199.89166824692137,-137.70640042163404
37,55.92916666666667,31.248527777777777,39.9,6.8,-5.677777777777784,29.059466012474193,18.944444444444443,2.7189775,2.132142434444444,9.754e-05,144.226576315966,0.6464815259823908,257.9461288669739,-36.7057844196669,-6.255622407361777,-49.94402472887963,-33.086440577098216
38,56.4375,29.58688888888889,50.1,6.8,4.522222222222219,29.059466012474193,18.944444444444443,1.6975992,1.1107641344444443,0.0001242,258.3578569561339,1.158063831790841,580.1899797272113,52.370219948763534,7.10813364574036,365.06798621834986,48.48986582835778
39,57.454166666666666,30.25825,56.7,14.2,11.12222222222222,36.459466012474195,26.34444444444444,1.0223446,0.4355095344444444,0.0001362,638.7477582923029,2.86312437032402,1623.3915179737191,318.4430549660381,79.7511707322353,897.8699120505366,222.4766665708548
