ID#,Ra(deg),Dec(deg),RM_Raw_Value,RM_Raw_Err,Scaled_RM,TotalRMScaledErrWithStDev,TotalRMScaledErrWithAvgErr,Extinction,Scaled_Extinction,eAbundance,BScaled_RM_ERR_with_0.05Uncty&StDev,BScaled_RM_ERR_with_0.05Uncty,Raw_Magnetic_FieldMagnetic_Field(uG),Magnetic_Field(uG),Reference_BField_RMErr(±),BField_of_Min_Extinction,BField_of_Max_Extinction
0,58.725,36.219722222222224,-75.4,3.3,-74.51666666666667,58.244404729791285,16.116666666666667,0.6272434,0.26837843,0.0001382,2534.884900055798,4.609350555771383,-3475.4503190516234,-3434.734389142309,150.3265714080851,-4572.966297062638,-2150.474162675411
1,58.725,41.90669444444444,-56.5,16.5,-55.61666666666667,71.44440472979129,29.31666666666667,1.6364504,1.27758543,0.0001297,543.4532295176374,0.9881973124135677,-558.3314815136657,-549.6024052540125,160.50335728657004,-764.8940963504558,-529.425846696185
2,58.97916666666666,39.15277777777778,16.1,8.6,16.983333333333338,63.54440472979129,21.416666666666668,1.6389229,1.2800579300000001,0.0001297,542.428116719302,0.9863332813300927,158.79965829414493,167.5122689458941,89.47860328786888,249.53221864995132,127.17225984944824
3,58.97916666666666,41.89897222222222,-7.5,10.1,-6.6166666666666645,65.04440472979128,22.916666666666668,1.2957287,0.93686373,0.0001354,732.9678375607273,1.3328043846680055,-99.96032885010042,-88.18722345219967,118.75879424896223,-121.53378032411591,-87.88359681359977
4,59.4875,40.770944444444446,8.4,7.6,9.283333333333335,62.54440472979129,20.416666666666668,1.3985945,1.03972953,0.000133,663.4593200946501,1.2064124038699602,101.33864192507666,111.99528482592798,101.32906722345864,214.13808142754144,93.65043950469997
5,59.4875,37.95841666666667,44.5,9.6,45.38333333333333,64.54440472979128,22.416666666666668,1.8828444,1.52397943,0.0001297,457.32454713852513,0.8315837754504973,370.0547800754713,377.40043675861733,81.4167234355669,487.7604036837113,344.91911729422577
6,59.74166666666667,41.86694444444444,-20.2,7.2,-19.316666666666663,62.14440472979129,20.01666666666667,1.6285082,1.26964323,0.0001297,546.7724846303518,0.9942329357265631,-200.83505301676573,-192.0526620845144,68.45441420834177,-217.78282278975223,-137.85121396565953
7,59.99583333333333,40.053916666666666,24.9,9.5,25.783333333333335,64.44440472979129,22.31666666666667,0.7526865,0.39382153000000003,0.0001382,1727.4536252695025,3.1411443286951615,782.1449378450951,809.8917127485691,308.99483016511675,1386.2405968834262,476.7298040314802
8,59.99583333333333,40.02905555555555,26.5,14.2,27.383333333333336,69.14440472979129,27.016666666666666,0.9102042,0.55133923,0.0001371,1239.2548719206789,2.2534199215531396,597.1562792115819,617.0614885186347,330.65181648923067,1184.6839332234665,506.3135539907706
9,59.99583333333333,41.78194444444444,12.9,19.6,13.783333333333335,74.5444047297913,32.41666666666667,1.5934986,1.23463363,0.000133,559.8084935793847,1.0179371816640979,131.3138964346686,140.3056748727015,213.1776145352674,205.88417097380628,99.24638284806088
10,60.0,40.19994444444444,28.1,8.3,28.983333333333338,63.244404729791285,21.116666666666667,0.9072542,0.54838923,0.0001371,1245.9115453542188,2.2655241955538257,636.6122989506249,656.6244293446838,193.94956453953293,1754.240548013234,381.7282573565937
11,60.0,37.79875,73.0,3.6,73.88333333333334,58.54440472979129,16.416666666666668,1.0974327,0.73856773,0.0001354,928.659418618397,1.6886434596051338,1232.7097255117476,1247.6260760715932,61.52676539531144,1767.493953032806,915.4044602458061
13,60.50833333333333,41.51016666666667,-16.5,8.9,-15.616666666666665,63.844404729791286,21.71666666666667,3.0134103,2.65454533,9.339e-05,281.7402925513268,0.5123071954967519,-84.53068725696404,-80.00530703007607,43.15437773137437,-102.08227858236215,-68.1414514806806
14,60.7625,38.325138888888894,7.1,16.3,7.983333333333335,71.24440472979128,29.116666666666667,2.0179389,1.65907393,0.0001252,423.3022923055427,0.7697188366441825,54.65003740173696,61.449220458760585,141.07356246166162,72.8780309507474,49.69677038742811
15,61.016666666666666,38.19622222222222,37.9,17.6,38.78333333333333,72.5444047297913,30.41666666666667,1.4828193,1.1239543300000001,0.000133,614.3076558633808,1.1170366492404296,423.3568900621227,433.22404713041317,201.180560144994,596.0330688831021,373.94149387805425
17,61.270833333333336,39.28658333333333,7.0,15.3,7.8833333333333355,70.24440472979128,28.116666666666667,1.4292054,1.0703404300000001,0.000133,644.7113720853679,1.1723217575553067,82.06252302887147,92.4180318872767,201.9994125536191,96.49222273689047,75.9754452353302
18,61.525,36.76508333333334,49.9,14.6,50.78333333333333,69.54440472979128,27.416666666666668,0.7319374,0.37307242999999995,0.0001382,1823.52909248127,3.3158447690105417,1654.6065397362602,1683.89650186252,492.6831448335229,4521.486683592556,1152.1353906709576
19,61.77916666666667,34.69083333333333,-20.0,16.6,-19.116666666666664,71.5444047297913,29.41666666666667,0.6388185,0.27995352999999995,0.0001382,2430.0762691139566,4.418770020430003,-883.7540040860005,-844.721535572202,701.1188745249277,-1702.0496311390418,-474.21455590712026
20,61.77916666666667,39.424416666666666,-3.4,10.5,-2.516666666666665,65.44440472979129,23.31666666666667,1.3597834,1.00091843,0.000133,688.8571999819869,1.2525950655645932,-42.588232229196166,-31.52364248337557,97.35242531630692,-47.27317207455484,-27.747738830783
21,61.77916666666667,36.67855555555556,60.9,15.8,61.78333333333333,70.74440472979128,28.616666666666667,0.822847,0.46398203,0.0001371,1472.1744578007304,2.6769531646611893,1630.264477278664,1653.9108968998378,429.0934675043914,5500.870080760618,1102.2486018509169
22,62.03333333333333,41.27672222222222,-2.4,17.5,-1.5166666666666648,72.44440472979129,30.31666666666667,1.1587422,0.7998772300000001,0.0001354,857.8467811473563,1.5598801102808337,-37.43712264674001,-23.658181672592615,172.5075746959878,-25.460701704250873,-20.570826588911554
23,62.03333333333333,40.37902777777778,21.8,6.1,22.683333333333337,61.04440472979129,18.916666666666668,2.3540301,1.9951651300000002,0.0001192,356.9978912425979,0.6491531147517029,141.51537901587122,147.2495648628446,41.20285989281432,157.14951228437116,142.42790774499665
24,62.03333333333333,41.55561111111111,-2.4,9.6,-1.5166666666666648,64.54440472979128,22.416666666666668,1.1015601,0.74269513,0.0001354,923.5272661296668,1.6793113238834247,-40.30347177320219,-25.469555078898576,101.8782203155943,-28.597449428595905,-20.358070762729646
26,62.2875,38.80938888888888,56.0,2.4,56.88333333333333,57.344404729791286,15.216666666666669,1.9993387,1.64047373,0.0001252,427.9234807134985,0.778121852243063,435.7482372561152,442.62164695092895,18.969499155039813,491.7169239274093,399.71817689002677
27,63.05,35.595333333333336,-0.7,1.6,0.18333333333333524,56.54440472979129,14.416666666666668,0.5866321,0.22776712999999998,0.0001382,2986.8595600589174,5.431206274046441,-38.01844391832508,9.957211502418579,-22.759340576956756,16.32305661946788,4.140578862705696
31,64.575,38.01386111111111,-24.2,11.2,-23.316666666666663,66.14440472979129,24.016666666666666,3.5451694,3.18630443,8.297e-05,245.5189006294277,0.446443418809162,-108.03930735181719,-104.09572381900291,48.17653333772035,-118.45756813635124,-104.09572381900291
32,64.575,38.04044444444444,-13.7,18.6,-12.816666666666665,73.5444047297913,31.41666666666667,3.2261524,2.86728743,9.339e-05,264.4424245705516,0.48085332656996516,-65.87690574008523,-61.62936802205053,83.67198870147007,-69.96285101570155,-57.21916484404091
33,64.82916666666667,39.92480555555555,4.2,10.9,5.083333333333336,65.8444047297913,23.71666666666667,0.60769594,0.24883097000000004,0.0001382,2734.018316561166,4.971448150033539,208.80082230140866,252.71528096003834,655.85632439629,252.71528096003834,88.19718597904242
34,65.08333333333333,38.82880555555556,27.3,11.4,28.183333333333337,66.3444047297913,24.21666666666667,1.3731,1.01423503,0.000133,679.92656014706,1.2363558865448245,337.52515702673713,348.44630069121644,145.50504864028818,419.9085359908907,260.43673669109705
35,65.3375,35.187666666666665,31.5,21.0,32.38333333333333,75.94440472979129,33.81666666666667,0.7824735,0.42360853000000004,0.0001371,1612.219323461806,2.9316060995355095,923.4559213536854,949.3517752329158,632.9011834886105,2511.216439170324,583.0426565571901
36,65.3375,38.60783333333333,5.1,10.3,5.983333333333335,65.24440472979128,23.116666666666667,1.7241683,1.3653033300000001,0.0001297,509.30565314633213,0.926104493082064,47.23132914718526,55.41191883607684,111.9103458846258,58.61578831550823,42.490740049266016
37,65.59166666666667,39.92688888888889,-17.4,14.2,-16.516666666666662,69.14440472979129,27.016666666666666,0.9601448,0.60127983,0.0001371,1136.4633674550107,2.0665072620367355,-359.5722635943919,-341.31811611306733,278.5469683221584,-399.87213949443344,-281.21389605249857
38,65.84583333333333,40.89275,-16.0,3.6,-15.116666666666665,58.54440472979129,16.416666666666668,0.96535665,0.60649168,0.0001371,1126.7101713920867,2.0487723740770507,-327.8035798523281,-309.7060905479808,69.68387037329569,-760.3732072551198,-309.7060905479808
39,65.84583333333333,40.07691666666667,-34.7,3.1,-33.81666666666667,58.04440472979129,15.916666666666668,1.9201076,1.56124263,0.0001252,448.7937436423787,0.8160716455564442,-283.1768610080861,-275.9682281390042,24.654222110400955,-427.31607578199504,-248.5884604605739
40,65.84583333333333,40.05758333333333,-33.8,8.4,-32.916666666666664,63.344404729791286,21.21666666666667,1.5439113,1.18504633,0.000133,582.9804080548023,1.0600722217454848,-358.30441094997377,-348.94043965788865,86.71892583213801,-415.94344488390345,-252.1731041680173
41,65.84583333333333,34.86244444444445,41.0,9.9,41.88333333333333,64.8444047297913,22.71666666666667,0.53146356,0.17259858999999994,0.0001382,3941.5642370408837,7.1672095668774105,2938.555922419738,3001.866273593822,724.8408806970449,3729.076480429305,1254.4491304804262
42,65.84583333333333,41.83416666666667,-51.7,2.0,-50.81666666666667,56.94440472979129,14.816666666666668,0.64922047,0.29035550000000004,0.0001382,2343.018918903489,4.2604678247098855,-2202.661865375011,-2165.027732923407,83.75349063533487,-4524.454512068823,-595.2103829336398
43,66.1,39.35397222222223,-26.4,4.2,-25.516666666666662,59.14440472979129,17.01666666666667,1.7616835,1.40281853,0.0001297,495.97723843234274,0.9018685462080556,-238.09329619892662,-230.12679070742212,36.611080339817164,-266.9460888118619,-216.2214414046075
44,66.1,39.36775,-18.0,13.6,-17.116666666666664,68.54440472979128,26.416666666666668,1.7105281,1.3516631300000002,0.0001297,514.3310804195522,0.9352425632146747,-168.34366137864143,-160.08235207024512,120.9511104530741,-182.70130518295733,-145.04207728447545
45,66.35416666666667,40.14922222222222,-74.6,18.8,-73.71666666666665,73.74440472979128,31.616666666666667,1.1469874,0.78812243,0.0001354,870.5744149739436,1.5830236171323453,-1180.9356183807295,-1166.9522430960603,294.08447949337716,-1350.9802059867368,-1026.6075166238602
46,66.60833333333333,41.44861111111111,39.9,8.7,40.78333333333333,63.64440472979129,21.516666666666666,0.7019533,0.34308833,0.0001382,1982.895861563353,3.6056320116675233,1438.6471726553418,1470.4969220917383,320.6346672230106,1990.286940914284,1188.1923003291497
47,66.8625,36.05711111111111,-21.2,15.5,-20.316666666666663,70.44440472979129,28.31666666666667,2.9366941,2.57782913,0.0001032,286.9026011410465,0.5216941660714568,-110.59916320714883,-105.99086474018429,77.49332091853097,-107.6189749535801,-99.35167814235689
48,66.8625,38.38991666666666,-3.6,12.7,-2.716666666666665,67.64440472979129,25.516666666666666,1.3520404,0.99317543,0.000133,694.1586566627997,1.2622350584090671,-45.440462102726414,-34.29071908677963,120.97003677836148,-43.442860424169176,-27.038606237295657
49,67.625,40.097750000000005,-53.2,9.5,-52.31666666666667,64.44440472979129,22.31666666666667,0.6129379,0.25407293000000003,0.0001382,2677.6108328726004,4.86887865416261,-2590.2434440145084,-2547.2350159027387,454.8633956969176,-3996.3272856402564,-1209.658632778965
50,67.87916666666666,41.65725,-21.9,12.4,-21.016666666666662,67.3444047297913,25.21666666666667,0.5767738,0.21790883,0.0001382,3121.986519351612,5.676916651232313,-1243.2447466198764,-1193.0986495339907,675.5444408320313,-1871.2158542862526,-600.2454563294393
51,67.87916666666666,34.94266666666666,-44.4,7.7,-43.516666666666666,62.64440472979129,20.51666666666667,2.1651974,1.8063324299999999,0.0001192,391.9839317536059,0.7127705694416988,-316.47013283211425,-310.1739928020459,53.7914356886431,-404.4086196992006,-285.89613230764274
52,68.3875,35.84127777777778,-24.2,7.7,-23.316666666666663,62.64440472979129,20.51666666666667,1.7266217,1.36775673,0.0001297,508.4121547633511,0.9244797852824775,-223.72410803835953,-215.55786993503096,68.58659497932803,-219.8626006900319,-178.3586861975494
53,68.64166666666667,34.515388888888886,-12.6,8.7,-11.716666666666665,63.64440472979129,21.516666666666666,2.301355,1.94249003,0.0001192,366.1131720045918,0.6657280387040226,-83.88173287670685,-78.00113520148797,53.85792668674169,-116.24552462785505,-73.27182632677203
54,68.89583333333333,36.77605555555555,-14.0,13.9,-13.116666666666665,68.8444047297913,26.71666666666667,1.7153445,1.35647953,0.0001297,512.5452979357436,0.9319953556258611,-130.47934978762055,-122.24672414625876,121.37353325949977,-130.62036078121253,-96.3688896428138
55,68.89583333333333,41.69419444444444,20.2,16.1,21.083333333333336,71.0444047297913,28.91666666666667,0.65550035,0.29663537999999995,0.0001382,2293.416347394846,4.170272155255221,842.3949753615545,879.2323793996425,700.7743221947646,1877.151511238787,689.8460591123944
56,68.89583333333333,35.248222222222225,-17.6,9.1,-16.716666666666665,64.04440472979128,21.916666666666668,1.5205485,1.1616835300000001,0.000133,594.5757634710212,1.0811568311220046,-190.28360227747282,-180.73338360256173,93.44737447632451,-229.73583566549823,-133.5200922025714
57,68.89583333333333,39.82691666666667,-23.5,15.3,-22.616666666666664,70.24440472979128,28.116666666666667,1.6755682,1.3167032300000001,0.0001297,527.6758524622662,0.9595082537122478,-225.48443962237823,-217.00878338125335,141.2865696056671,-256.4506981512586,-217.00878338125335
