ID#,Ra(deg),Dec(deg),RM_Raw_Value,RM_Raw_Err,Scaled_RM,TotalRMScaledErrWithStDev,TotalRMScaledErrWithAvgErr,Extinction,Scaled_Extinction,eAbundance,BScaled_RM_ERR_with_0.05Uncty&StDev,BScaled_RM_ERR_with_0.05Uncty,Raw_Magnetic_FieldMagnetic_Field(uG),Magnetic_Field(uG),Reference_BField_RMErr(±),BField_of_Min_Extinction,BField_of_Max_Extinction
0,58.725,36.219722222222224,-75.4,3.3,-74.51666666666667,58.244404729791285,16.116666666666667,0.6272434,0.26837843,0.0001384,2531.2428240499703,4.602727925662516,-3470.456855949537,-3429.7994259395177,150.11058495491255,-4566.395943187548,-2147.37232996844
1,58.725,41.90669444444444,-56.5,16.5,-55.61666666666667,71.44440472979129,29.31666666666667,1.6364504,1.27758543,0.0001301,542.3800064440442,0.9862457992026031,-557.2288765494707,-548.5170386565144,160.18639182004404,-763.7849716328849,-528.3604094395437
2,58.97916666666666,39.15277777777778,16.1,8.6,16.983333333333338,63.54440472979129,21.416666666666668,1.6389229,1.2800579300000001,0.0001301,541.3558695796694,0.9843835427250455,158.48575037873235,167.18113833947027,89.30172606953069,249.1705007148901,126.88705668046308
3,58.97916666666666,41.89897222222222,-7.5,10.1,-6.6166666666666645,65.04440472979128,22.916666666666668,1.2957287,0.93686373,0.0001357,731.9048570145616,1.3308714961289105,-99.81536220966828,-88.05933066052954,118.58656528951312,-121.35836170067445,-87.75614241060913
4,59.4875,40.770944444444446,8.4,7.6,9.283333333333335,62.54440472979129,20.416666666666668,1.3985945,1.03972953,0.0001334,662.3326676400543,1.2043637364461897,101.16655386147993,111.80510020008795,101.15699541912718,213.8290940834753,93.46749761670235
5,59.4875,37.95841666666667,44.5,9.6,45.38333333333333,64.54440472979128,22.416666666666668,1.8828444,1.52397943,0.0001301,456.3471538300744,0.8298065159033614,369.26389957699575,376.5938571341421,81.24271974129807,486.9048157103765,344.1498815548683
6,59.74166666666667,41.86694444444444,-20.2,7.2,-19.316666666666663,62.14440472979129,20.01666666666667,1.6285082,1.26964323,0.0001301,545.6961287582153,0.992275725938722,-200.43969663962181,-191.67459439382975,68.3196574077017,-217.40568335640347,-137.53667144911316
7,59.99583333333333,40.053916666666666,24.9,9.5,25.783333333333335,64.44440472979129,22.31666666666667,0.7526865,0.39382153000000003,0.0001384,1724.9716516699773,3.136631190291864,781.021166382674,808.7280752302522,308.5508720757991,1384.248871887904,476.04171034828244
8,59.99583333333333,40.02905555555555,26.5,14.2,27.383333333333336,69.14440472979129,27.016666666666666,0.9102042,0.55133923,0.0001373,1237.466646042616,2.2501682709773236,596.2945918089907,616.1710782026238,330.17469096140593,1182.9818011355014,505.582760247077
9,59.99583333333333,41.78194444444444,12.9,19.6,13.783333333333335,74.5444047297913,32.41666666666667,1.5934986,1.23463363,0.0001334,558.813004462026,1.016127017298741,131.0803852315376,140.05617388434317,212.79852776225783,205.58574880304877,99.02063408883576
10,60.0,40.19994444444444,28.1,8.3,28.983333333333338,63.244404729791285,21.116666666666667,0.9072542,0.54838923,0.0001373,1244.113728065161,2.262255104274647,635.6936843011758,655.6769377222686,193.66970046600815,1751.7200874557436,381.17463014837165
11,60.0,37.79875,73.0,3.6,73.88333333333334,58.54440472979129,16.416666666666668,1.0974327,0.73856773,0.0001357,927.3142303735106,1.6861974139546794,1230.9241121869159,1245.8188560101823,61.43764221420077,1764.9437151509774,913.8626441925376
13,60.50833333333333,41.51016666666667,-16.5,8.9,-15.616666666666665,63.844404729791286,21.71666666666667,3.0134103,2.65454533,9.413e-05,280.8249451134975,0.5106427581011173,-84.25605508668434,-79.74537739012446,43.01417325891562,-101.84012288571682,-67.86717243059334
14,60.7625,38.325138888888894,7.1,16.3,7.983333333333335,71.24440472979128,29.116666666666667,2.0179389,1.65907393,0.0001256,422.3628156030642,0.76801052339469,54.528747161022984,61.312840117676096,140.76046393212962,72.72841818791395,49.565436723892766
15,61.016666666666666,38.19622222222222,37.9,17.6,38.78333333333333,72.5444047297913,30.41666666666667,1.4828193,1.1239543300000001,0.0001334,613.2411300702184,1.1150973141418816,422.6218820597731,432.47190833469307,200.8312819707282,595.1692628452744,373.19371369753986
17,61.270833333333336,39.28658333333333,7.0,15.3,7.8833333333333355,70.24440472979128,28.116666666666667,1.4292054,1.0703404300000001,0.0001334,643.6072129425212,1.1703139912229463,81.92197938560625,92.2597529747423,201.65346007336532,96.32908619630325,75.8234811063327
18,61.525,36.76508333333334,49.9,14.6,50.78333333333333,69.54440472979128,27.416666666666668,0.7319374,0.37307242999999995,0.0001384,1820.9090794173599,3.31108062422748,1652.2292314895124,1681.477110336855,491.97526675186543,4514.990294679347,1150.4728933264191
19,61.77916666666667,34.69083333333333,-20.0,16.6,-19.116666666666664,71.5444047297913,29.41666666666667,0.6388185,0.27995352999999995,0.0001384,2426.5847802215517,4.412421212929385,-882.484242585877,-843.5078552050006,700.1115198201505,-1699.6041575310833,-473.53037204234494
20,61.77916666666667,39.424416666666666,-3.4,10.5,-2.516666666666665,65.44440472979129,23.31666666666667,1.3597834,1.00091843,0.0001334,687.7009429752087,1.2504925662058686,-42.516747250999536,-31.47072958284767,97.18901782938252,-47.20494107167405,-27.699394029304756
21,61.77916666666667,36.67855555555556,60.9,15.8,61.78333333333333,70.74440472979128,28.616666666666667,0.822847,0.46398203,0.0001373,1470.0507141201224,2.673091419650869,1627.912674567379,1651.5249821076284,428.474461696232,5492.966531794008,1100.6524717704824
22,62.03333333333333,41.27672222222222,-2.4,17.5,-1.5166666666666648,72.44440472979129,30.31666666666667,1.1587422,0.7998772300000001,0.0001357,856.6036346350925,1.5576196139296652,-37.38287073431196,-23.623897477933227,172.25758577659644,-25.42381997371636,-20.54099624859466
23,62.03333333333333,40.37902777777778,21.8,6.1,22.683333333333337,61.04440472979129,18.916666666666668,2.3540301,1.9951651300000002,0.0001198,356.14902605144573,0.6476095664665219,141.1788854897018,146.89943666015608,41.10488823976844,156.78437708416448,142.08547815448756
24,62.03333333333333,41.55561111111111,-2.4,9.6,-1.5166666666666648,64.54440472979128,22.416666666666668,1.1015601,0.74269513,0.0001357,922.189470415168,1.6768787205648292,-40.2450892935559,-25.432660595233212,101.73064238093285,-28.556173932102865,-20.328547569523273
26,62.2875,38.80938888888888,56.0,2.4,56.88333333333333,57.344404729791286,15.216666666666669,1.9993387,1.64047373,0.0001256,426.97774620736146,0.776402160011128,434.78520960623166,441.64342868632997,18.927575515128428,490.6827708382168,398.7943600538876
27,63.05,35.595333333333336,-0.7,1.6,0.18333333333333524,56.54440472979129,14.416666666666668,0.5866321,0.22776712999999998,0.0001384,2982.568095173774,5.423402816756144,-37.963819717293,9.942905164053032,-22.726640374978363,16.299603951911173,4.134604090173547
31,64.575,38.01386111111111,-24.2,11.2,-23.316666666666663,66.14440472979129,24.016666666666666,3.5451694,3.18630443,8.371e-05,244.57395441359432,0.4447251599781478,-107.62348871471174,-103.69508313490476,47.99111285582369,-118.06925542492789,-103.69508313490476
32,64.575,38.04044444444444,-13.7,18.6,-12.816666666666665,73.5444047297913,31.41666666666667,3.2261524,2.86728743,9.413e-05,263.52645344130576,0.47918775507456224,-65.64872244521503,-61.41589727538972,83.38216710381379,-69.75459609912723,-56.998941337199255
33,64.82916666666667,39.92480555555555,4.2,10.9,5.083333333333336,65.8444047297913,23.71666666666667,0.60769594,0.24883097000000004,0.0001384,2730.090129324727,4.964305264760503,208.5008211199411,252.3521842919923,654.9140020911229,252.3521842919923,88.06944968674047
34,65.08333333333333,38.82880555555556,27.3,11.4,28.183333333333337,66.3444047297913,24.21666666666667,1.3731,1.01423503,0.0001334,678.780599223359,1.2342721092417852,336.9562858230073,347.85902278797647,145.2598117136605,419.29988502239576,259.9051061449264
35,65.3375,35.187666666666665,31.5,21.0,32.38333333333333,75.94440472979129,33.81666666666667,0.7824735,0.42360853000000004,0.0001373,1609.8939354655463,2.92737769119527,922.1239727265099,947.9824756654015,631.9883171102676,2507.608369573815,582.2010885417966
36,65.3375,38.60783333333333,5.1,10.3,5.983333333333335,65.24440472979128,23.116666666666667,1.7241683,1.3653033300000001,0.0001301,508.2670741996251,0.9242159756014038,47.13501475567159,55.29892254015068,111.68213767912786,58.499513141227965,42.393621910583214
37,65.59166666666667,39.92688888888889,-17.4,14.2,-16.516666666666662,69.14440472979129,27.016666666666666,0.9601448,0.60127983,0.0001373,1134.823270007868,2.0635249632825237,-359.05334361115905,-340.82553976883,278.1449807308843,-399.2951926112148,-280.80656905243717
38,65.84583333333333,40.89275,-16.0,3.6,-15.116666666666665,58.54440472979129,16.416666666666668,0.96535665,0.60649168,0.0001373,1125.0841307195362,2.0458156356951376,-327.330501711222,-309.25913026258155,69.58330430908084,-759.2807170148108,-309.25913026258155
39,65.84583333333333,40.07691666666667,-34.7,3.1,-33.81666666666667,58.04440472979129,15.916666666666668,1.9201076,1.56124263,0.0001256,447.8208242614311,0.8143025212505663,-282.56297487394653,-275.3699692695665,24.600775352612573,-426.60082335043904,-248.02717628207208
40,65.84583333333333,40.05758333333333,-33.8,8.4,-32.916666666666664,63.344404729791286,21.21666666666667,1.5439113,1.18504633,0.0001334,581.9541542761303,1.0582061159412408,-357.6736671881393,-348.32617983065836,86.56626954371391,-415.2472282489488,-251.6124154257787
41,65.84583333333333,34.86244444444445,41.0,9.9,41.88333333333333,64.8444047297913,22.71666666666667,0.53146356,0.17259858999999994,0.0001384,3935.9010700336407,7.15691185198247,2934.333859312813,2997.553247338658,723.7994426500662,3723.718611922941,1252.6467610400812
42,65.84583333333333,41.83416666666667,-51.7,2.0,-50.81666666666667,56.94440472979129,14.816666666666668,0.64922047,0.29035550000000004,0.0001384,2339.652512410811,4.254346462892773,-2199.4971213155636,-2161.917060893344,83.63315516028409,-4517.953859034241,-594.1907400738077
43,66.1,39.35397222222223,-26.4,4.2,-25.516666666666662,59.14440472979129,17.01666666666667,1.7616835,1.40281853,0.0001301,494.9533759174665,0.9000067885985189,-237.60179219000895,-229.65173222405534,36.53550285382699,-266.47459012439623,-215.7628724507558
44,66.1,39.36775,-18.0,13.6,-17.116666666666664,68.54440472979128,26.416666666666668,1.7105281,1.3516631300000002,0.0001301,513.2871267603924,0.9333442725353059,-168.00196905635508,-159.75742798229317,120.70561225328817,-182.38025379708765,-144.7344676727147
45,66.35416666666667,40.14922222222222,-74.6,18.8,-73.71666666666665,73.74440472979128,31.616666666666667,1.1469874,0.78812243,0.0001357,869.3129213335944,1.5807297589725064,-1179.2244001934896,-1165.2612873225657,293.6583405048825,-1349.030231931083,-1025.1189835684224
46,66.60833333333333,41.44861111111111,39.9,8.7,40.78333333333333,63.64440472979129,21.516666666666666,0.7019533,0.34308833,0.0001384,1980.0468732565093,3.6004515059036337,1436.5801508555498,1468.3841391576984,320.17398522987406,1987.427333240557,1186.4784884689916
47,66.8625,36.05711111111111,-21.2,15.5,-20.316666666666663,70.44440472979129,28.31666666666667,2.9366941,2.57782913,0.0001039,286.01857473201255,0.5200866817948702,-110.25837654051244,-105.66427751799108,77.25454252494632,-107.29110254948655,-99.01308457604506
48,66.8625,38.38991666666666,-3.6,12.7,-2.716666666666665,67.64440472979129,25.516666666666666,1.3520404,0.99317543,0.0001334,692.9963459962376,1.260121551276345,-45.364375845948416,-34.23330214300735,120.76748256005371,-43.37991352730481,-26.985408577675322
49,67.625,40.097750000000005,-53.2,9.5,-52.31666666666667,64.44440472979129,22.31666666666667,0.6129379,0.25407293000000003,0.0001384,2673.763690871347,4.861883138854905,-2586.52182987081,-2543.5751954775915,454.2098563352842,-3990.585436091923,-1207.9131801315234
50,67.87916666666666,41.65725,-21.9,12.4,-21.016666666666662,67.3444047297913,25.21666666666667,0.5767738,0.21790883,0.0001384,3117.500906536451,5.668760161790886,-1241.458475432204,-1191.3844273363843,674.5738310032497,-1868.527325759979,-599.3796487023136
51,67.87916666666666,34.94266666666666,-44.4,7.7,-43.516666666666666,62.64440472979129,20.51666666666667,2.1651974,1.8063324299999999,0.0001198,391.08290254562786,0.7111321678399266,-315.74268252092736,-309.4610150383414,53.66778864403668,-403.58529520546216,-285.21911608609815
52,68.3875,35.84127777777778,-24.2,7.7,-23.316666666666663,62.64440472979129,20.51666666666667,1.7266217,1.36775673,0.0001301,507.3745413967893,0.9225930235807009,-223.26751170652958,-215.11793999823337,68.44661727216516,-219.41809396770523,-177.9618894836415
53,68.64166666666667,34.515388888888886,-12.6,8.7,-11.716666666666665,63.64440472979129,21.516666666666666,2.301355,1.94249003,0.0001198,365.25018203285185,0.6641588063866986,-83.68400960472401,-77.8172734816415,53.7309745468477,-116.01643552428006,-73.07898844365201
54,68.89583333333333,36.77605555555555,-14.0,13.9,-13.116666666666665,68.8444047297913,26.71666666666667,1.7153445,1.35647953,0.0001301,511.5032432593728,0.9301005179937586,-130.2140725191262,-121.99818461018133,121.1267690058229,-130.36344342721566,-96.15125682884545
55,68.89583333333333,41.69419444444444,20.2,16.1,21.083333333333336,71.0444047297913,28.91666666666667,0.65550035,0.29663537999999995,0.0001384,2290.121208964681,4.164280384917211,841.1846377532765,877.969114486712,699.7674625364389,1874.4544544697656,688.8549009814858
56,68.89583333333333,35.248222222222225,-17.6,9.1,-16.716666666666665,64.04440472979128,21.916666666666668,1.5205485,1.1616835300000001,0.0001334,593.5344266214073,1.0792632987622484,-189.9503405821557,-180.41684810975582,93.28371123856692,-229.40270909859268,-133.22806438078217
57,68.89583333333333,39.82691666666667,-23.5,15.3,-22.616666666666664,70.24440472979128,28.116666666666667,1.6755682,1.3167032300000001,0.0001301,526.6180891724396,0.957584852058891,-225.03244023383937,-216.57377404065247,141.00335075838225,-256.0073016470615,-216.57377404065247
