ID#,Ra(deg),Dec(deg),RM_Raw_Value,RM_Raw_Err,Scaled_RM,TotalRMScaledErrWithStDev,TotalRMScaledErrWithAvgErr,Extinction,Scaled_Extinction,eAbundance,BScaled_RM_ERR_with_0.05Uncty&StDev,BScaled_RM_ERR_with_0.05Uncty,Raw_Magnetic_FieldMagnetic_Field(uG),Magnetic_Field(uG),Reference_BField_RMErr(±),BField_of_Min_Extinction,BField_of_Max_Extinction
0,46.270833333333336,30.8495,-12.5,14.1,-13.02,22.10226277522861,25.9,0.7302489,0.42185312113333334,0.0001373,236.69915540330769,2.939535904509618,-367.44198806370224,-382.72757476715225,431.7167043373477,-1157.5682370211705,-178.96785167230647
1,46.77916666666667,30.48927777777778,7.1,6.7,6.58,14.702262775228611,18.5,0.7933378,0.48494202113333335,0.0001373,205.95651273305197,2.5577470393370842,181.60003979293296,168.29975518838015,158.81807883973903,585.0076036558604,90.44618807682792
2,47.2875,27.642277777777775,-13.8,17.1,-14.32,25.102262775228613,28.900000000000002,1.087156,0.7787602211333333,0.0001357,128.80661155830373,1.599632490317565,-220.74928366382397,-229.0673726134753,283.8443530210455,-312.92513982739456,-102.48732468255722
3,47.2875,28.663416666666667,0.9,13.6,0.3800000000000001,21.60226277522861,25.4,1.5052563,1.1968605211333334,0.0001334,84.3770523639071,1.0478675959691532,9.43080836372238,3.9818968646827835,60.17088595520651,10.00537387547402,3.7062555156448873
4,47.54166666666666,30.48402777777778,-34.4,13.0,-34.92,21.002262775228612,24.8,0.66797936,0.3595835811333334,0.0001384,276.6183570876062,3.4352872578696085,-1181.7388167071454,-1199.6023104480673,453.33808243676964,-2249.606108776477,-394.4420607587325
5,47.79583333333333,30.72247222222222,9.9,10.0,9.38,18.002262775228612,21.8,1.8747089,1.5663131211333332,0.0001256,65.36557676686482,0.8117665629088838,80.3648897279795,76.14370360085331,76.91283192005386,141.14420830145247,61.29453912661979
6,47.79583333333333,30.10538888888889,14.8,14.4,14.280000000000001,22.402262775228614,26.200000000000003,1.7189839,1.4105881211333333,0.0001301,72.07988016246343,0.8951506200742065,132.48229177098258,127.8275085465967,124.3727110183103,754.0238957300504,115.94741208442545
7,47.79583333333333,28.514444444444443,0.6,8.9,0.08000000000000007,16.902262775228614,20.700000000000003,1.7710046,1.4626088211333332,0.0001301,69.56667894075926,0.8639395022572917,5.183637013543749,0.6911516018058339,10.252082093453204,1.0249646113458284,0.5448331025133246
8,48.05,26.24505555555556,-24.0,7.3,-24.52,15.302262775228613,19.1,1.0813258,0.7729300211333332,0.0001357,129.77301048598906,1.6116340724151876,-386.792177379645,-395.17267455620396,120.19835517751203,-892.7315162345802,-286.8423064983017
9,48.30416666666667,29.03183333333333,-4.0,10.9,-4.52,18.902262775228614,22.700000000000003,1.0647763,0.7563805211333332,0.0001357,132.596935729466,1.6467040312864283,-65.86816125145712,-74.43102221414655,202.82453553354935,-94.06540105132864,-41.54767696771289
10,48.30416666666667,30.383305555555555,11.5,12.4,10.98,20.402262775228614,24.200000000000003,1.4046619,1.0962661211333333,0.0001334,92.0330488454871,1.142946416609885,131.43883791013678,125.49551654376538,135.31690479501657,184.86749438781388,82.2592490919527
11,48.30416666666667,30.37833333333333,4.8,7.6,4.28,15.602262775228612,19.4,1.996101,1.6877052211333332,0.0001256,60.83017467485305,0.7554419965278146,36.2612158333351,32.332917451390465,51.19378596470157,51.50255554788582,25.84536468412371
12,48.55833333333333,30.514277777777775,10.9,7.1,10.38,15.102262775228612,18.9,1.6900454,1.3816496211333333,0.0001301,73.55816006630508,0.913509185177041,99.57250118429747,94.82225342137686,61.76495406346566,304.3549971227077,56.7374155803541
13,48.55833333333333,29.749666666666663,43.0,5.7,42.48,13.702262775228611,17.5,1.4744797,1.1660839211333334,0.0001334,86.58061509257595,1.0752333537713916,462.35034212169836,456.7591286820871,60.54714031367201,639.074968381444,312.28859430839816
14,48.55833333333333,26.61330555555556,1.1,5.7,0.5800000000000002,13.702262775228611,17.5,0.9037403,0.5953445211333335,0.0001373,167.81476348303383,2.0840696356716872,22.924765992388558,12.087603886895788,62.63576559573272,17.222232641992786,6.7025836364017435
16,49.32083333333333,29.07830555555556,9.1,11.5,8.58,19.502262775228612,23.3,1.438051,1.1296552211333333,0.0001334,89.34234661341944,1.1095309369220494,100.9673152599065,95.19775438791184,120.30485444626221,208.38998857438528,68.35164131803751
17,49.575,28.439944444444446,20.6,11.4,20.080000000000002,19.402262775228614,23.200000000000003,2.3865469,2.0781511211333332,0.0001198,50.17746000103595,0.6231473239472287,128.36834873312912,125.12798264860353,69.24558263078059,146.62463300493152,108.25858227478226
18,49.575,28.26688888888889,22.0,3.4,21.48,11.402262775228612,15.200000000000001,2.6701615,2.361765721133333,0.0001125,44.9048619447499,0.5576676171434929,122.68687577156844,119.78700416242228,18.512537006919807,173.58274915931972,97.4406105187479
19,49.575,28.255055555555558,9.1,3.3,8.58,11.302262775228613,15.100000000000001,2.4677594,2.159363621133333,0.0001125,48.73760107314438,0.6052659039279884,55.079197257446936,51.9318145570214,18.832416267930835,69.33612606084559,40.73795385964415
20,49.829166666666666,26.33805555555556,-3.5,16.2,-4.02,24.20226277522861,28.0,1.8832512,1.5748554211333332,0.0001256,65.02441716752847,0.8075297463908504,-28.26354112367976,-32.46269580491218,150.25590629702208,-61.49823276503553,-32.46269580491218
21,49.829166666666666,29.141277777777777,26.4,5.3,25.88,13.302262775228613,17.1,1.867966,1.5595702211333333,0.0001256,65.63741120186596,0.8151424392630111,215.19760396543495,210.95886328126727,42.35158997692108,281.74418541840834,166.16703466338907
22,49.829166666666666,30.690583333333333,40.5,12.5,39.98,20.502262775228612,24.3,1.0225846,0.7141888211333334,0.0001357,140.385040683019,1.743423489790835,706.086513365288,697.0207112183757,215.12984914147398,801.6678960553567,286.57365297451344
23,50.083333333333336,29.68769444444445,59.2,14.6,58.68,22.60226277522861,26.4,2.223773,1.9153772211333333,0.0001198,54.192622872670675,0.6730111073794669,398.42257556864445,394.92291781027114,97.39653040591146,457.84537435914444,327.6518870368326
24,50.083333333333336,30.717916666666664,40.1,11.2,39.58,19.20226277522861,23.0,1.535315,1.2269192211333333,0.0001334,82.33053587896737,1.0224521749618376,410.00332215969684,404.68657084989525,113.0296656737862,490.0237719880109,272.1114164703233
25,50.3375,26.55575,5.7,16.7,5.180000000000001,24.70226277522861,28.5,1.4186372,1.1102414211333334,0.0001334,90.88735605504803,1.1287182074416051,64.33693782417149,58.467603145475145,171.29981974200612,73.02248961116015,46.79853861302711
26,50.84583333333333,27.10011111111111,26.0,15.0,25.48,23.002262775228612,26.8,0.8562882,0.5478924211333334,0.0001373,182.32766238812036,2.2643034321857916,588.7188923683058,576.9445145209397,332.85260453131133,1117.6736220709793,336.1165564960759
27,51.1,28.70488888888889,-41.4,12.8,-41.92,20.802262775228613,24.6,0.92868495,0.6202891711333334,0.0001373,161.0748947222601,2.0003680855743933,-828.1523874277987,-838.5543014727856,259.26316567274534,-838.5543014727856,-288.3135221065611
28,51.1,26.394,6.5,5.3,5.98,13.302262775228613,17.1,1.7415925,1.4331967211333334,0.0001301,70.96565822494728,0.8813132433191425,57.28536081574426,52.702531950484726,42.97283374424139,82.92372008413871,52.702531950484726
29,51.60833333333333,28.107666666666667,46.8,10.2,46.279999999999994,18.20226277522861,22.0,1.4590602,1.1506644211333332,0.0001334,87.72848146110596,1.089488556322173,509.8806443587769,504.2153038659016,109.8930790476965,3460.488283104073,400.14990440795185
30,51.8625,26.59311111111111,39.6,12.0,39.08,20.002262775228612,23.8,1.1705798,0.8621840211333334,0.0001357,116.4031395983954,1.44559539160209,572.4557750744277,564.9386790380968,171.19353910245357,958.5433140832048,430.151445725393
31,51.8625,29.02272222222222,26.2,11.7,25.68,19.70226277522861,23.5,1.3500432,1.0416474211333333,0.0001334,96.80207375924272,1.202172314309432,314.9691463490712,308.71785031466214,137.8625514763949,378.23121204880795,226.48101679754805
32,52.11666666666667,29.444277777777778,18.9,9.8,18.38,17.802262775228613,21.6,1.2254761,0.9170803211333334,0.0001357,109.46664538064658,1.3594519756285364,256.93642339379335,249.86727312052497,129.56080828471667,469.2540248535708,146.41100234455985
33,52.11666666666667,29.36583333333333,24.8,2.0,24.28,10.002262775228612,13.8,1.6614591,1.3530633211333334,0.0001301,75.07921275552302,0.932398939916506,231.2349370992935,226.38646261172767,18.25697279126836,354.3103921348899,176.63252118563236
34,52.11666666666667,30.831722222222226,60.2,3.1,59.68,11.102262775228612,14.9,4.2798996,3.9715038211333336,5.297e-05,31.743697851885393,0.39422083876273095,237.32094493516405,235.27099657359784,12.115283876713509,305.7833409173856,218.8448425903314
35,52.625,30.546833333333336,-8.3,10.6,-8.82,18.60226277522861,22.4,6.3971705,6.088774721133333,9.073e-06,28.367565353763624,0.3522930900992391,-29.240326478236845,-31.072250546752887,39.6826332283832,-36.71317003754053,-30.78347245152969
36,52.625,28.6525,6.5,7.8,5.98,15.802262775228613,19.6,1.1347855,0.8263897211333333,0.0001357,121.4198461394618,1.507897215090755,98.01331898089909,90.17225346242716,108.2067041549126,131.7840524241021,56.96048194902948
37,52.625,30.064722222222223,28.1,5.7,27.580000000000002,13.702262775228611,17.5,1.0084964,0.7001006211333334,0.0001357,143.19338100224797,1.778299901522806,499.7022723279085,490.4551128399899,99.4873360565104,2452.0531472383936,308.02846043333454
38,52.87916666666667,28.679194444444445,19.9,12.3,19.38,20.302262775228613,24.1,1.2376827,0.9292869211333332,0.0001357,108.03514316198589,1.3416743364900765,266.9931929615252,260.0164864117768,160.71370768165102,408.83598537027905,189.45011601971447
39,53.13333333333333,29.549722222222226,33.0,12.1,32.48,20.10226277522861,23.9,0.9465114,0.6381156211333334,0.0001373,156.58074958935381,1.9445558839814232,641.7034417138696,631.5917511171662,231.58364207629424,726.6370464761926,560.3197093072104
41,53.3875,27.30152777777778,14.0,8.0,13.48,16.002262775228612,19.8,0.65440124,0.34600546113333336,0.0001384,287.47355351842504,3.570096524951812,499.8135134932537,481.24901156350427,274.9994351791453,1198.4654251186926,231.53500349015823
42,53.895833333333336,27.560166666666667,17.6,9.0,17.080000000000002,17.002262775228612,20.8,0.6100272,0.30163142113333336,0.0001384,329.7647807216079,4.095305753509087,720.7738126175994,699.4782226993522,357.6877275167142,1518.530375447127,305.7177925520361
43,53.895833333333336,30.54002777777778,22.2,5.2,21.68,13.202262775228611,17.0,1.9867043,1.6783085211333333,0.0001256,61.158655151804865,0.7595213526805018,168.61374029507138,164.66422926113276,38.569999646751825,183.3876274819275,148.76212763934404
44,54.15,26.872694444444445,39.2,18.6,38.68,26.602262775228613,30.400000000000002,0.9095924,0.6011966211333333,0.0001373,166.1834193012788,2.06381018528746,809.0135926326844,798.2817796691895,378.77655872058483,3438.920077417732,518.546656323253
46,54.40416666666667,30.01377777777778,-3.5,17.3,-4.02,25.302262775228613,29.1,0.9476806,0.6392848211333333,0.0001373,156.29473543370682,1.941003911528079,-67.93513690348277,-78.02835724342877,385.68302294609083,-168.70369644684575,-46.80519376877538
47,54.40416666666667,29.667416666666668,-4.3,13.2,-4.819999999999999,21.20226277522861,25.0,0.56505907,0.25666329113333336,0.0001384,387.54049716096165,4.812814832039048,-206.951037777679,-231.97767490428203,712.1175136596564,-428.53140571751464,-63.914453820774675
48,54.40416666666667,30.93338888888889,48.7,2.9,48.18,10.902262775228612,14.700000000000001,3.0965137,2.7881179211333333,9.413e-05,39.490714566054336,0.4904300277872285,238.83942353238027,236.28918738788667,14.070608694555878,300.8154056314053,230.39070221348942
49,54.65833333333333,26.19380555555556,-11.0,14.6,-11.52,22.60226277522861,26.4,1.0233681,0.7149723211333332,0.0001357,140.2320877941746,1.7415239878357458,-191.567638661932,-200.62356339867787,266.28218414733607,-1024.2078410509896,-192.41495785362
50,54.9125,27.08913888888889,33.5,9.1,32.98,17.10226277522861,20.9,1.1969914,0.8885956211333332,0.0001357,112.9593851563722,1.4028278548468653,469.94733137369985,462.6526265284961,125.67578810177058,735.0510497770448,280.0467482495697
51,54.9125,29.561666666666667,6.6,8.5,6.08,16.502262775228612,20.3,1.2634866,0.9550908211333333,0.0001357,105.12895844411152,1.3055828079471337,86.16846532451082,79.37943472318572,102.2310901737998,256.27669478781445,79.37943472318572
52,55.675,30.34272222222222,19.2,10.8,18.68,18.802262775228613,22.6,1.0979235,0.7895277211333334,0.0001357,127.05914284703191,1.5779309045639605,302.9627336762803,294.75749297254777,165.80108979705815,1038.9580867707487,215.60208266194667
53,55.92916666666667,29.425583333333336,29.4,17.4,28.88,25.40226277522861,29.2,1.7379504,1.4295546211333332,0.0001301,71.14281873130322,0.8835133765152541,259.7529326954847,255.15866313760534,151.0122700202154,278.0328401390885,203.7736273926031
54,56.4375,29.58688888888889,50.1,6.8,49.58,14.802262775228613,18.6,1.6975992,1.3892034211333333,0.0001301,73.16646853959357,0.9086448192510246,455.2310544447633,450.50610138465794,61.146536714883716,1481.2882848429401,423.15751273607736
55,57.2,26.84636111111111,53.5,11.3,52.98,19.302262775228613,23.1,0.80468947,0.4962936911333334,0.0001373,201.2533034023757,2.4993384967700822,1337.1460957719937,1324.1495355887894,279.6801822832396,4710.28918566679,1034.9726078831457
56,57.454166666666666,30.25825,56.7,14.2,56.18,22.20226277522861,26.0,1.0223446,0.7139488211333334,0.0001357,140.43195965427438,1.7440061703685192,988.8514985989505,979.7826665130341,245.37766956763815,2099.667635162632,771.6300628198467
58,58.21666666666667,30.77288888888889,21.6,5.2,21.080000000000002,13.202262775228611,17.0,1.5055895,1.1971937211333332,0.0001334,84.35380927715121,1.0475789431096445,226.2770517116832,220.82964120751305,53.162691401808694,330.4528688440847,220.82964120751305
59,58.21666666666667,30.642333333333333,-21.5,14.8,-22.02,22.802262775228613,26.6,1.1910096,0.8826138211333332,0.0001357,113.72137072292874,1.4122908541034302,-303.64253363223753,-310.98644607357534,214.07439078553094,-459.46026668420325,-217.42838959327395
60,58.47083333333333,29.80563888888889,52.0,6.8,51.48,14.802262775228613,18.6,0.6852865,0.3768907211333334,0.0001384,263.9158086717445,3.277535967698865,1704.3187032034095,1687.2755161713753,220.64372134548756,1738.167870895419,613.3374541700073
61,59.23333333333333,29.061611111111112,63.3,4.7,62.779999999999994,12.702262775228611,16.5,1.3316462,1.0232504211333333,0.0001334,98.5216567368169,1.2235275907773608,774.4929649620693,768.130621490027,57.0333952765107,1747.8001611127668,637.2428566479338
62,59.23333333333333,24.477083333333333,62.5,14.5,61.98,22.502262775228612,26.3,1.2753017,0.9669059211333333,0.0001357,103.8498246234067,1.2896974120477371,806.0608825298357,799.3544559871874,185.4502337890275,1660.7202129129385,799.3544559871874
63,59.4875,24.286222222222225,44.5,18.3,43.98,26.302262775228613,30.1,0.85369605,0.5453002711333335,0.0001373,183.19310409116105,2.275051239692808,1012.3978016632996,1000.5675352168969,411.46934594312836,3910.1268098457044,743.9054320882739
64,59.4875,25.374583333333334,53.8,3.7,53.279999999999994,11.702262775228611,15.5,1.3346432,1.0262474211333332,0.0001334,98.23737108392116,1.2199970843739893,656.3584313932063,650.0144465544615,44.703595766756656,4736.961264860826,489.8162306403433
65,59.4875,25.370083333333334,48.9,8.7,48.379999999999995,16.70226277522861,20.5,1.3346432,1.0262474211333332,0.0001334,98.23737108392116,1.2199970843739896,596.5785742588808,590.234589420136,105.0110619213739,4301.317304691568,444.7693175371586
67,59.74166666666667,23.77780555555556,61.0,7.7,60.48,15.702262775228611,19.5,2.0668561,1.7584603211333332,0.0001256,58.46569733103669,0.7260778611311127,442.9074952899787,439.13189041209694,55.43140256021552,1622.7422208326088,428.181233393964
68,59.99583333333333,22.633416666666665,53.9,12.5,53.379999999999995,20.502262775228612,24.3,1.0094997,0.7011039211333334,0.0001357,142.98967262991218,1.7757700738455167,957.1400698027334,947.9060654187366,219.82979253681276,3229.8161303419824,652.7775240620756
69,59.99583333333333,29.93555555555556,51.6,16.4,51.08,24.40226277522861,28.2,0.8759383,0.5675425211333334,0.0001373,176.0238280122584,2.186016936180537,1127.984739069157,1116.6174510010183,354.8939185352073,1391.9689171123864,596.8367490917984
70,60.0,29.410888888888888,36.3,17.1,35.779999999999994,25.102262775228613,28.900000000000002,1.8636407,1.5552449211333332,0.0001256,65.81297558556018,0.817322750420197,296.6881584025315,292.43808010034644,137.76008731999795,545.6702877416892,255.39659768074523
72,60.0,26.32911111111111,37.3,2.7,36.779999999999994,10.702262775228611,14.5,0.8200805,0.5116847211333333,0.0001373,195.20926611354875,2.424278386866312,904.2558383011344,891.6495906894295,64.54299986223752,3269.996909188836,649.1671561536652
73,60.25416666666667,25.271833333333333,7.0,16.3,6.48,24.302262775228613,28.1,0.62404305,0.3156472711333334,0.0001384,315.12206359852973,3.9134597614964584,273.94218330475206,253.59219254497052,590.5075340690028,576.1169105911816,136.95046182684496
74,60.50833333333333,28.76163888888889,37.7,12.6,37.18,20.60226277522861,24.4,0.6031793,0.29478352113333334,0.0001384,337.42530473333545,4.19044080095555,1579.7961819602424,1558.0058897952733,520.7128438042557,2935.3565612452157,730.6374479988019
75,60.50833333333333,26.96519444444444,25.1,3.4,24.580000000000002,11.402262775228612,15.200000000000001,0.79813594,0.48974016113333335,0.0001373,203.94199491736163,2.5327290056250247,635.7149804118812,622.5447895826311,84.32877627812532,2185.332355298032,342.1360427679734
76,60.50833333333333,22.806722222222223,68.2,2.2,67.68,10.202262775228611,14.0,0.80281925,0.49442347113333335,0.0001373,202.01333519140672,2.5087772323186677,1710.9860724413313,1697.9404308332744,54.77227196236369,6017.221066174564,950.8856591740105
77,60.7625,22.46827777777777,38.7,2.9,38.18,10.902262775228612,14.700000000000001,1.3156534,1.0072576211333333,0.0001334,100.06693455234323,1.2427181941973102,480.9319411543591,474.469806544533,35.55458498654123,3394.4666120943384,334.1249728376603
78,60.7625,26.00027777777778,1.6,3.6,1.08,11.602262775228612,15.4,0.7278803,0.4194845211333334,0.0001373,238.0331123479512,2.9561021416268076,47.29763426602892,31.925903129569523,71.83328204153143,96.01948509853028,24.282678048154168
79,60.7625,30.182361111111117,56.4,10.4,55.879999999999995,18.402262775228614,22.200000000000003,1.6043999,1.2960041211333333,0.0001301,78.31147458535216,0.9725399775360511,548.5125473303328,543.4553394471453,100.21162287677858,753.4105039470834,533.1020500641572
80,61.016666666666666,29.037750000000003,34.4,6.1,33.879999999999995,14.102262775228612,17.9,1.3252492,1.0168534211333333,0.0001334,99.13399362190832,1.2311321225988408,423.50945017400113,417.1075631364871,73.96384113757475,754.1875344795159,234.03998406111518
82,61.270833333333336,29.916833333333333,25.9,18.5,25.38,26.502262775228612,30.3,1.1860672,0.8776714211333334,0.0001357,114.35875278663168,1.42020641872787,367.8334624505183,360.4483890731334,257.46313505223816,481.3312742348276,299.25967394727667
83,61.525,28.723694444444444,28.3,1.4,27.78,9.402262775228612,13.200000000000001,2.653159,2.3447632211333334,0.0001125,45.203479092228505,0.5613761045067872,158.86943757542082,155.9502818319855,7.714854931617658,228.8898285204254,135.6683019901126
84,61.525,30.18638888888889,2.6,16.6,2.08,24.602262775228613,28.400000000000002,1.8194062,1.5110104211333333,0.0001301,67.38076690026499,0.8367929460467959,21.75661659721669,17.405293277773353,111.1261032350145,23.93863653233136,15.966749288491302
85,61.77916666666667,30.92441666666667,40.1,4.7,39.58,12.702262775228611,16.5,1.605263,1.2968672211333334,0.0001301,78.26051041745552,0.9719070601894712,389.73473113597794,384.6808144229926,45.08727750094926,490.60411771496086,281.6357996261309
86,61.77916666666667,27.163277777777772,18.7,12.8,18.18,20.802262775228613,24.6,0.7856881,0.47729232113333336,0.0001373,209.2518914280415,2.5986719170637174,485.95164849091515,472.43855452218384,323.38040095636114,1616.3279991585928,199.2839619954319
87,61.77916666666667,25.134722222222223,48.8,14.9,48.279999999999994,22.902262775228614,26.700000000000003,0.7708806,0.4624848211333334,0.0001373,215.93995105131307,2.6817300562472304,1308.6842674486484,1294.7392711561627,395.31998238169723,1382.9921699737265,559.3029452030279
88,61.77916666666667,30.18402777777778,50.8,12.5,50.279999999999994,20.502262775228612,24.3,1.8257415,1.5173457211333332,0.0001301,67.10477755304508,0.8333654703803417,423.34965895321346,419.0161585072357,103.1043697114261,499.4422425538624,367.2458334017844
89,62.03333333333333,24.048222222222225,-16.6,12.5,-17.12,20.502262775228612,24.3,1.1251037,0.8167079211333332,0.0001357,122.8519625956684,1.5256824823650952,-253.2632920726058,-261.1968409809043,196.68436820851227,-381.42648888416994,-172.86971066392044
90,62.03333333333333,26.026666666666667,20.7,17.9,20.18,25.90226277522861,29.7,1.119103,0.8107072211333333,0.0001357,123.7566593718709,1.5369177935000675,318.14198325451395,310.1500107283136,268.1973522723098,378.73720183693445,184.06001033522824
92,62.03333333333333,29.622722222222222,14.9,1.7,14.38,9.702262775228611,13.5,1.2747802,0.9663844211333332,0.0001357,103.9056266018503,1.290390409531814,192.2681710202403,185.55814089067485,21.17106305464075,283.0943531265451,121.80385228799275
93,62.03333333333333,22.333388888888887,39.1,12.4,38.58,20.402262775228614,24.200000000000003,0.8456819,0.5372861211333333,0.0001373,185.92153071473535,2.30893521367299,902.793668546139,890.7872054350394,282.5002902146928,2100.763855610292,462.67207742497936
95,62.54166666666666,28.541194444444447,20.6,5.4,20.080000000000002,13.402262775228612,17.200000000000003,1.8050411,1.4966453211333333,0.0001301,68.01505328519104,0.8446700658407167,174.00203356318767,169.60974922081593,44.460808048175046,248.1380244637072,138.17841908402096
96,62.79583333333333,23.29077777777778,-11.2,13.4,-11.719999999999999,21.402262775228614,25.200000000000003,1.0466272,0.7382314211333334,0.0001357,135.83855561207267,1.6869612853415115,-188.93966395824927,-197.71186264202512,236.5481213752801,-1041.989227180347,-149.27547272023213
97,62.79583333333333,30.98805555555556,63.5,9.8,62.98,17.802262775228613,21.6,0.9624985,0.6541027211333335,0.0001373,152.75841065262162,1.8970867558192006,1204.6500899451923,1194.7852388149324,184.39205260450925,1478.177758760356,664.1409466248552
98,62.79583333333333,22.862916666666667,-16.8,10.8,-17.32,18.802262775228613,22.6,1.0320985,0.7237027211333333,0.0001357,138.55003878740672,1.720634840850349,-289.0666532628586,-298.0139544352804,191.58039927982315,-1096.5786682625678,-209.07602548597495
99,63.05,23.08502777777778,-12.9,1.5,-13.42,9.502262775228612,13.3,1.4809374,1.1725416211333333,0.0001334,86.1087632606139,1.0693734874812153,-137.94917988507677,-143.5099220199791,16.68720023488129,-940.0314295139169,-120.27199012973591
100,63.30416666666667,30.706444444444443,56.1,8.3,55.58,16.302262775228613,20.1,0.5889135,0.28051772113333334,0.0001384,354.58515436000795,4.403546732861569,2470.3897171353406,2447.4912741244602,362.1065521431911,3567.4651978511415,1161.9918986509867
101,63.55833333333333,24.688194444444445,-15.3,10.2,-15.82,18.20226277522861,22.0,1.1651292,0.8567334211333333,0.0001357,117.14013568169392,1.4547480497290177,-222.57645160853974,-230.1411414671306,153.42742764475372,-291.83910514529765,-131.34767692373822
102,63.55833333333333,27.412777777777777,30.3,10.7,29.78,18.70226277522861,22.5,1.4942789,1.1858831211333334,0.0001334,85.15003265281139,1.0574671372469449,320.41254258582427,314.91371347214016,111.2071529423069,761.6812308315951,268.37958425008924
103,63.8125,23.797500000000003,-33.8,10.5,-34.32,18.502262775228612,22.3,1.5852796,1.2768838211333333,0.0001301,79.45775838897796,0.986775526419927,-333.5301279299353,-338.66136066731895,105.20545227830915,-528.1595079133464,-255.24618641889703
104,64.32083333333334,29.84725,37.3,19.8,36.779999999999994,27.802262775228613,31.6,1.0583764,0.7499806211333333,0.0001357,133.72221596713132,1.660678739627133,619.4331698809204,610.7976404348593,324.2303828581827,1678.6143306789454,411.02154181344616
105,64.32083333333334,24.752027777777776,5.9,16.6,5.380000000000001,24.602262775228613,28.400000000000002,1.0891129,0.7807171211333332,0.0001357,128.4854591222055,1.5956441401473964,94.1430042686964,85.84565473992994,241.5318421496334,478.31928687971566,47.0746748430794
106,64.32083333333334,28.3495,-19.4,15.4,-19.919999999999998,23.402262775228614,27.200000000000003,11.972617,11.664221221133333,3.936e-06,27.20517347903636,0.3378574971836283,-65.54435445362388,-67.30121343897875,53.42467458558107,-69.12689131413565,-66.73090871811702
107,64.82916666666667,29.985444444444447,11.5,15.6,10.98,23.60226277522861,27.4,0.87825954,0.5698637611333333,0.0001373,175.307834911817,2.1771251113552967,250.36938780585908,239.04833722681155,324.27426615115303,976.1980985017244,167.16317138084415
108,64.82916666666667,27.20488888888889,-14.1,3.9,-14.62,11.902262775228612,15.700000000000001,10.300712,9.992316221133335,3.682e-06,27.555851065476197,0.342212516340711,-48.25196480404024,-50.03146988901194,13.838491671428834,-50.74431207171576,-48.41997330701807
109,64.82916666666667,27.188222222222223,2.6,6.8,2.08,14.802262775228613,18.6,8.482779,8.174383221133334,2.55e-06,27.87309277232534,0.34615229967496924,8.999959791549198,7.199967833239359,18.830685102318323,7.569527781884131,7.0267068845769645
110,64.82916666666667,24.06527777777778,-42.5,10.1,-43.02,18.10226277522861,21.9,1.2044024,0.8960066211333333,0.0001357,112.02938815496292,1.391278343518568,-591.2932959953914,-598.527943381688,142.23840536835408,-970.4322183931906,-365.41628351356525
111,64.82916666666667,30.68769444444445,52.7,14.8,52.18,22.802262775228613,26.6,0.67190087,0.36350509113333335,0.0001384,273.6341852562832,3.3982272175477335,1790.8657436476556,1773.1949621164074,497.97505577462675,4602.3941380747065,765.7563040665813
112,65.08333333333333,26.82213888888889,19.4,9.3,18.88,17.302262775228613,21.1,0.9970445,0.6886487211333334,0.0001373,145.1042255029929,1.8020304298734615,349.5939033954515,340.2233451601095,163.09675824685664,767.4674532159434,164.31836683120704
113,65.08333333333333,25.440944444444444,-37.6,4.0,-38.120000000000005,12.002262775228612,15.8,1.064824,0.7564282211333333,0.0001357,132.58861984268597,1.6466007573743349,-619.1218847727499,-627.6842087110965,66.77491582032941,-3389.1321962555317,-364.10798221443514
114,65.3375,25.99211111111111,7.4,11.5,6.880000000000001,19.502262775228612,23.3,0.7282571,0.41986132113333335,0.0001373,237.81989994474625,2.9534542846311207,218.55561706270296,203.19765478262113,315.7801391892085,388.522354848612,72.98767906084909
115,65.3375,23.817083333333333,-21.1,9.9,-21.62,17.902262775228614,21.700000000000003,2.054623,1.7462272211333332,0.0001256,58.86126836864589,0.7309904061964092,-154.23897570744234,-158.04012581966367,74.15152822818342,-368.1183802114198,-144.6547163492789
116,65.3375,24.317722222222223,-18.9,9.9,-19.419999999999998,17.902262775228614,21.700000000000003,1.730159,1.4217632211333333,0.0001301,71.52479725696818,0.8882571179495259,-167.88059529246038,-172.4995323057979,90.35689787446557,-1083.449578452453,-172.4995323057979
117,65.59166666666667,27.769277777777777,-33.5,14.9,-34.02,22.902262775228614,26.700000000000003,2.2464116,1.9380158211333334,0.0001198,53.59614702907513,0.6656035517613057,-222.9771898400374,-226.4383283091962,100.71436094946338,-265.95972898841455,-199.66667984741346
118,65.59166666666667,30.969416666666664,32.3,6.3,31.779999999999998,14.302262775228613,18.1,0.6493088,0.3409130211333334,0.0001384,291.767733359408,3.623425383694392,1170.3663989332883,1151.5245869380776,224.60077082693155,1685.9026877048452,607.7480945206854
119,65.59166666666667,28.722944444444444,17.2,10.8,16.68,18.802262775228613,22.6,1.2582116,0.9498158211333334,0.0001357,105.71027471403362,1.3128020987992706,225.80196099347452,218.97539007971832,137.49617516633478,827.6996747141922,158.80666312098066
120,65.59166666666667,25.67955555555556,-35.9,20.4,-36.42,28.40226277522861,32.2,1.7852011,1.4768053211333334,0.0001301,68.9109766420767,0.8557964210267622,-307.2309151486076,-311.6810565379468,177.11124104106167,-490.77505915217085,-257.5517233956443
121,66.1,28.010666666666665,-19.8,15.5,-20.32,23.502262775228612,27.3,2.1939094,1.8855136211333332,0.0001198,55.00007194839647,0.6830387120201123,-135.24166497998223,-138.79346628248683,108.65145087770433,-244.1967360596568,-130.92540270969897
122,66.35416666666667,29.872416666666663,14.7,15.0,14.18,23.002262775228612,26.8,1.1766148,0.8682190211333334,0.0001357,115.59786825400982,1.4355948319226068,211.0324402926232,203.56734716662564,207.72178282308738,536.4055754615447,168.33510702131906
123,66.35416666666667,25.928361111111112,-2.9,17.1,-3.42,25.102262775228613,28.900000000000002,2.4896717,2.1812759211333335,0.0001125,48.29137146271849,0.5997242366615072,-17.392002863183706,-20.510568893823542,120.94163037392504,-30.025736459943115,-19.08494419714474
124,66.35416666666667,27.577666666666666,-34.9,17.8,-35.42,25.802262775228613,29.6,1.4617025,1.1533067211333332,0.0001334,87.5296259777649,1.0870189960396548,-379.36962961783945,-385.0221283972457,196.3723176352715,-464.71259657667434,-225.48032570705232
125,66.60833333333333,30.837777777777777,18.5,1.9,17.98,9.902262775228612,13.700000000000001,1.0883468,0.7799510211333334,0.0001357,128.61099503722076,1.5972031542844098,295.4825835426158,287.1771271403369,29.493867111710273,374.5897361960043,163.52643257055828
126,66.60833333333333,27.81663888888889,-29.0,11.4,-29.52,19.402262775228614,23.200000000000003,2.089621,1.7812252211333335,0.0001256,57.743547107938404,0.7171095718035482,-207.96177582302894,-211.6907455964074,83.21636206203601,-279.81670007934,-197.420044782638
127,66.8625,26.667916666666667,-34.0,2.3,-34.52,10.302262775228613,14.100000000000001,2.0571954,1.7487996211333332,0.0001256,58.77764310594365,0.7299518749780852,-248.18363749254897,-251.97938724243502,17.045664431105898,-512.204433231606,-152.48104308195244
129,67.11666666666666,23.52927777777777,-11.1,12.9,-11.62,20.902262775228614,24.700000000000003,1.4815468,1.1731510211333334,0.0001334,86.06450099722863,1.0688238002116763,-118.63944182349606,-124.19732558459677,144.33743243615302,-132.74800214836335,-76.73539349226215
130,67.37083333333334,27.575805555555554,-19.8,8.7,-20.32,16.70226277522861,20.5,1.417732,1.1093362211333333,0.0001334,90.96069954446901,1.129629050660068,-223.66655203069345,-229.5406230941258,100.85875863226738,-328.5669357115024,-148.56132520184477
131,67.37083333333334,27.41047222222222,8.8,4.3,8.280000000000001,12.302262775228613,16.1,2.871335,2.5629392211333335,0.0001039,42.09201040780428,0.5227351811877406,46.00069594452118,43.28247300234493,21.149390217054908,48.75413965329704,36.04241630576913
132,67.625,27.87322222222222,-2.9,15.8,-3.42,23.802262775228613,27.6,2.6051354,2.2967396211333333,0.0001125,46.068785804553926,0.5721222355817367,-16.591544831870358,-19.56658045689539,106.60412800653353,-23.951876859402628,-17.846112845239155
133,67.625,24.34808333333333,-33.4,3.0,-33.92,11.002262775228612,14.8,2.8274279,2.5190321211333333,0.0001039,42.733718541748864,0.5307044707136449,-177.2552932183574,-180.01495646606836,16.169008065814523,-207.04406394222204,-154.53524526079133
134,67.625,26.38658333333333,-27.3,7.4,-27.82,15.402262775228612,19.200000000000003,1.4749773,1.1665815211333332,0.0001334,86.54407260327757,1.074779537368246,-293.41481370153116,-299.00366729584607,81.04861311315973,-546.379303829137,-230.97587363439848
135,67.87916666666666,22.4695,-55.8,9.7,-56.32,17.70226277522861,21.5,1.4949083,1.1865125211333334,0.0001334,85.10533053675913,1.0569119875045667,-589.7568890275483,-595.252831362572,103.47585061320696,-836.7305835496537,-380.2598858732099
136,68.13333333333334,30.01580555555556,-31.8,2.7,-32.32,10.702262775228611,14.5,0.9854465,0.6770507211333334,0.0001373,147.58694183772036,1.832862959859506,-582.8504212353229,-592.3813086265924,50.29652620414464,-738.7226514439601,-349.3786874403866
137,68.13333333333334,29.404194444444443,-32.8,6.5,-33.32,14.502262775228612,18.3,2.3187723,2.0103765211333333,0.0001198,51.77467193111389,0.6429828903546178,-210.8983880363146,-214.24189906615862,42.456473900305824,-236.0275602939246,-185.83669175757555
138,68.13333333333334,28.97063888888889,-37.6,5.1,-38.120000000000005,13.102262775228612,16.9,1.3777797,1.0693839211333334,0.0001334,94.32008247472149,1.171348788627227,-440.4271445238374,-446.518158224699,60.56496295069055,-613.0230402078354,-308.411665184692
139,68.3875,29.099,-32.5,12.9,-33.02,20.902262775228614,24.700000000000003,1.8325648,1.5241690211333334,0.0001301,66.81004681822432,0.8297052478683857,-269.65420555722534,-273.968672846141,108.74448860662211,-410.4570133587789,-248.65691968518044
140,68.3875,23.649666666666665,-72.7,10.4,-73.22,18.402262775228614,22.200000000000003,1.4116653,1.1032695211333332,0.0001334,91.45532340468398,1.1357717197957125,-825.706040291483,-831.6120532344206,118.96513553834903,-1380.581790862945,-614.6908202328968
142,68.64166666666667,22.182916666666667,-38.9,10.2,-39.42,18.20226277522861,22.0,1.7218946,1.4134988211333332,0.0001301,71.93447349720377,0.8933448336844853,-347.51114030326477,-352.1565334384241,92.33924527177187,-987.0224197122906,-352.1565334384241
143,69.15,26.360277777777775,-29.3,3.5,-29.82,11.502262775228612,15.3,2.8306513,2.5222555211333333,0.0001039,42.68594337549127,0.5301111571620235,-155.32256904847287,-158.0791470657154,18.883174564163955,-173.10590118982856,-111.10098321734371
144,69.15,23.941916666666668,-30.3,17.0,-30.82,25.002262775228612,28.8,1.647783,1.3393872211333333,0.0001301,75.82937499189451,0.9417151067793069,-285.33967735413006,-290.2365959093824,162.83901420658418,-469.61149046477885,-257.9268457700874
145,69.40416666666667,23.214777777777776,-45.0,14.0,-45.52,22.002262775228612,25.8,2.4327211,2.1243253211333335,0.0001125,49.46852617859471,0.614343167373723,-276.4544253181753,-279.6490097885187,87.00191415642804,-451.2282787367665,-222.2657007824446
146,69.40416666666667,27.036722222222224,-26.4,3.8,-26.919999999999998,11.802262775228613,15.600000000000001,1.968208,1.6598122211333333,0.0001256,61.8157057730421,0.7676811785527838,-202.66783113793488,-206.65977326640936,29.74648251561953,-332.1758781142379,-136.13063548451186
147,69.65833333333333,30.079638888888887,-47.8,4.7,-48.32,12.702262775228611,16.5,1.3243896,1.0159938211333333,0.0001334,99.2168573058281,1.2321611958697065,-588.9730516257197,-595.3802898442422,58.541576616484065,-699.5417884227988,-437.15739078820843
148,69.65833333333333,24.59772222222222,-24.2,13.5,-24.72,21.502262775228612,25.3,2.1400297,1.8316339211333332,0.0001198,56.51941425872159,0.7019072257874365,-169.8615486405596,-173.51146621465426,96.79358652470383,-190.13116099361184,-147.8723820923948
149,69.65833333333333,25.10613888888889,-73.1,13.9,-73.61999999999999,21.902262775228614,25.700000000000003,1.92908,1.6206842211333332,0.0001256,63.25326802668342,0.7855340764743931,-574.2254099027814,-578.3101871004482,109.96595896985266,-578.3101871004482,-375.0503919998995
150,69.9125,23.17983333333333,-26.7,7.1,-27.22,15.102262775228612,18.9,1.5651934,1.2567976211333334,0.0001301,80.69865654643084,1.0021860786099313,-267.5836829888516,-272.79505059762323,72.54100596416198,-434.75986298305367,-256.0991020006319
151,69.9125,30.346138888888888,-23.9,19.0,-24.419999999999998,27.002262775228612,30.8,2.419256,2.110860221133333,0.0001125,49.75528348452764,0.617904368913433,-147.67914417031045,-150.8922468886603,119.95617953491825,-194.4056454421614,-120.90764546948432
152,70.42083333333333,30.04133333333333,-30.2,16.3,-30.72,24.302262775228613,28.1,1.4957154,1.1873196211333332,0.0001334,85.0480762029336,1.0562009534086396,-318.9726879294092,-324.46493288713407,175.12511278345315,-378.70857715364474,-238.1666408580342
153,70.42083333333333,25.159666666666663,-60.1,10.3,-60.620000000000005,18.302262775228613,22.1,3.6985426,3.3901468211333334,7.31e-05,34.53624228442164,0.4289010834403765,-257.7695511476662,-259.9998367815562,44.559040247088674,-280.17857804645575,-236.38488389418666
154,70.42083333333333,28.65308333333333,-36.8,11.0,-37.32,19.002262775228612,22.8,0.73641133,0.4280155511333334,0.0001373,233.2976198133156,2.897292678165139,-1066.203705564771,-1081.2696274912298,323.205595174009,-1402.0966571935671,-281.72953591714065
155,70.675,28.204555555555554,-31.0,9.4,-31.52,17.402262775228614,21.200000000000003,1.3306563,1.0222605211333333,0.0001334,98.6159172523347,1.224698199811728,-379.65644194163565,-386.0248725806566,117.05270329865071,-640.6574830985151,-317.13167023522976
156,70.92916666666666,27.080694444444443,-50.9,18.2,-51.42,26.20226277522861,30.0,1.1700884,0.8616926211333333,0.0001357,116.46920307141728,1.446415825247464,-736.2256550509591,-743.747017342246,265.93704745832764,-1375.7988742173684,-564.9950530091676
157,70.92916666666666,30.54925,-26.4,14.4,-26.919999999999998,22.402262775228614,26.200000000000003,1.1861521,0.8777563211333332,0.0001357,114.34774360211313,1.420069697102833,-374.89840003514786,-382.2827624600826,208.51787043277236,-524.8929359898393,-302.4099133522363
158,70.92916666666666,30.53552777777778,-25.0,9.5,-25.52,17.502262775228612,21.3,1.0280391,0.7196433211333333,0.0001357,139.32709876990748,1.7302850473102178,-432.57126182755445,-441.5687440735676,167.79612274795568,-497.5953835980943,-362.40178670064296
159,71.18333333333334,29.95497222222222,-3.9,9.2,-4.42,17.20226277522861,21.0,1.3515812,1.0431854211333333,0.0001334,96.66103055064964,1.2004207171183052,-46.81640796761389,-53.058595696629084,125.16386677153528,-61.18485219150723,-38.505923021284126
160,71.4375,29.90233333333333,-11.3,17.0,-11.82,25.002262775228612,28.8,1.0352777,0.7268819211333333,0.0001357,137.94749478165173,1.7131519255186658,-193.58616758360924,-202.4945575963063,304.6378300121422,-264.194552700741,-162.7178823553666
162,71.69166666666666,27.924666666666667,-13.7,12.4,-14.219999999999999,20.402262775228614,24.200000000000003,0.9097127,0.6013169211333333,0.0001373,166.150216843413,2.063397848298559,-282.6855052169025,-293.41517402805505,265.57285824437105,-1184.1207025900917,-221.14733372451144
163,71.69166666666666,23.67458333333333,-74.3,8.8,-74.82,16.802262775228613,20.6,0.82938904,0.5209932611333334,0.0001373,191.72684783151544,2.3810306889304433,-1769.1058018753192,-1781.4871614577573,210.9971335239336,-1978.0210233906082,-850.6433866374442
164,71.69166666666666,28.5735,-14.9,11.3,-15.42,19.302262775228613,23.1,0.95570105,0.6473052711333334,0.0001373,154.36056188299258,1.9169836627519912,-285.6305657500467,-295.59888079635704,224.17901697978755,-360.99428475782753,-229.04696137537695
165,72.2,24.87208333333333,-79.9,14.6,-80.42,22.60226277522861,26.4,3.1834054,2.875009621133333,9.413e-05,38.499375029125865,0.47811871151997803,-382.0168505044624,-384.5030678043663,70.2596344173185,-413.4157846550908,-365.7203912738421
166,72.2,24.25258333333333,-78.3,13.5,-78.82,21.502262775228612,25.3,1.1593322,0.8509364211333332,0.0001357,117.93428018604949,1.46461042663503,-1146.7899640552284,-1154.4059382737305,199.03550659891906,-1738.2005096944097,-639.1299338685839
167,72.45416666666667,24.83419444444444,-54.5,11.2,-55.02,19.20226277522861,23.0,2.2961168,1.9877210211333334,0.0001198,52.331503400885204,0.6498981076707281,-354.1944686805468,-357.5739388404346,73.48308467913517,-458.5779571529222,-339.6681600467415
168,72.45416666666667,28.094694444444443,7.7,12.7,7.180000000000001,20.70226277522861,24.5,1.7552423,1.4468465211333332,0.0001301,70.3094764996136,0.8731642081516328,67.23364402767572,62.69319014528723,103.40305387599321,140.633594840578,55.52440400663884
169,72.70833333333333,22.91311111111111,-47.8,8.6,-48.32,16.60226277522861,20.4,1.243593,0.9351972211333333,0.0001357,107.35539366112779,1.3332326161956365,-637.2851905415141,-644.2180001457315,115.90533057015253,-1105.7167017009397,-523.990796379387
170,72.70833333333333,24.190638888888888,-28.7,8.3,-29.22,16.302262775228613,20.1,1.059345,0.7509492211333333,0.0001357,133.55068418572432,1.6585485088312046,-476.0034220345557,-484.62787428047795,140.1537058023682,-753.4625608862515,-276.0399123837262
171,72.70833333333333,22.89819444444444,-62.8,15.8,-63.32,23.802262775228613,27.6,1.2524754,0.9440796211333333,0.0001357,106.3497568827145,1.3207437443532153,-829.4270714538192,-836.2949389244559,210.40541457016565,-1448.9648499938637,-686.6535022090809
172,72.9625,28.966305555555557,22.7,14.9,22.18,22.902262775228614,26.700000000000003,1.5166671,1.2082713211333334,0.0001334,83.58829096177772,1.038072071106802,235.64236014124407,230.2443853714887,151.12957453899477,362.2408781606649,230.2443853714887
173,73.21666666666667,27.983972222222224,5.4,22.2,4.880000000000001,30.20226277522861,34.0,1.0293493,0.7209535211333333,0.0001357,139.0753462710921,1.7271585658994293,93.26656255856919,84.28533801589217,346.50638962089,117.46958081378258,53.50278719714789
174,73.21666666666667,23.76636111111111,-26.6,8.5,-27.12,16.502262775228612,20.3,0.7723762,0.4639804211333333,0.0001373,215.24509040921538,2.6731006726628386,-711.044778928315,-724.9449024261618,231.65532596324718,-1630.2763415589895,-510.06620063613974
175,73.47083333333333,25.87966666666667,-43.0,2.7,-43.52,10.702262775228611,14.5,1.6715672,1.3631714211333332,0.0001301,74.53423250133417,0.9256309012992695,-398.02128755868586,-402.8345682454421,25.294263587504506,-437.26218444605735,-363.72848599104583
176,73.47083333333333,26.570833333333333,-37.5,12.3,-38.02,20.302262775228613,24.1,1.5263755,1.2179797211333334,0.0001334,82.92872556916109,1.0298810146171198,-386.2053804814199,-391.56076175742896,128.4319298564367,-509.11121590105694,-252.59967086104953
177,73.725,29.68155555555556,-31.4,17.3,-31.919999999999998,25.302262775228613,29.1,1.2365797,0.9281839211333334,0.0001357,108.16295455172758,1.3432616094506022,-421.78414536748903,-428.7691057366322,236.23266016699802,-667.1654112822818,-368.6091625751369
178,73.725,23.248944444444444,-43.6,12.1,-44.120000000000005,20.10226277522861,23.9,1.0046476,0.6962518211333333,0.0001357,143.9802485920295,1.7880719073768896,-779.5993516163239,-788.8973255346838,218.93710181123106,-1349.8349294932764,-435.9322639468941
179,73.725,28.722916666666663,6.9,9.5,6.380000000000001,17.502262775228612,21.3,1.5697908,1.2613950211333333,0.0001301,80.41122725114019,0.998616531722131,68.90454068882704,63.71173472387196,87.71905505460632,79.74305433845952,58.75716662165546
180,73.97916666666667,25.803166666666662,42.0,8.1,41.48,16.10226277522861,19.9,1.9389377,1.6305419211333334,0.0001256,62.8848323449661,0.7809585218507816,328.00257917732824,323.94159486370415,62.47445043800008,323.94159486370415,245.54862713922714
181,73.97916666666667,30.98594444444445,4.8,5.0,4.28,13.002262775228612,16.8,1.0488287,0.7404329211333334,0.0001357,135.4369227191492,1.6819734588865798,80.73472602655583,71.98846404034562,74.98798337536003,71.98846404034562,46.091212524700545
182,73.97916666666667,23.17255555555556,-12.9,4.5,-13.42,12.502262775228612,16.3,1.7394047,1.4310089211333332,0.0001301,71.07197210367727,0.8826335414974018,-113.85972685316483,-118.44942126895131,41.3195655589365,-174.1959689699051,-100.71094144390001
183,73.97916666666667,30.678416666666667,-18.8,11.7,-19.32,19.70226277522861,23.5,6.5566196,6.248223821133334,9.073e-06,28.25973649693858,0.350953977605832,-65.97934778989642,-67.80430847344675,42.19736218826207,-91.66610985771106,-66.53929135335684
184,73.97916666666667,26.70283333333333,-29.5,19.5,-30.02,27.502262775228612,31.3,2.2600675,1.9516717211333332,0.0001198,53.242652146104305,0.6612135449664668,-195.0579957651077,-198.49630619893333,131.2094227416678,-275.2366329908061,-198.49630619893333
185,74.23333333333333,26.93413888888889,16.8,14.0,16.28,22.002262775228612,25.8,2.5043895,2.195993721133333,0.0001125,47.99621239167246,0.5960586946978987,100.13786070924697,97.0383554968179,80.86529624734824,126.5791168375265,89.7584303443661
186,74.23333333333333,28.698555555555554,-6.5,20.6,-7.02,28.602262775228613,32.400000000000006,1.1741954,0.8657996211333332,0.0001357,115.91935562041657,1.4395873415485438,-93.57317720065534,-101.05903137670776,320.27939174772,-184.31656143541792,-101.05903137670776
187,74.23333333333333,22.822805555555554,-25.5,0.8,-26.02,8.802262775228613,12.600000000000001,0.7860491,0.4776533211333333,0.0001373,209.0940088579844,2.5967111940413297,-662.161354480539,-675.6642526895539,21.19730988829973,-2313.358335429405,-362.20908125045537
188,74.4875,25.96530555555556,-22.2,9.5,-22.72,17.502262775228612,21.3,1.8130732,1.5046774211333334,0.0001301,67.6589343663542,0.8402474714870851,-186.53493867013287,-190.90422552186573,81.69324966025786,-190.90422552186573,-150.3811506206701
189,74.4875,25.76158333333333,-18.1,13.5,-18.62,21.502262775228612,25.3,1.9039259,1.5955301211333333,0.0001256,64.21327364175428,0.7974562608574483,-144.33958321519813,-148.48635577165686,110.7494918738877,-175.25829980153026,-119.34480035174116
190,74.74166666666666,27.52733333333333,-5.3,8.3,-5.819999999999999,16.302262775228613,20.1,1.621911,1.3135152211333334,0.0001301,77.29030100120316,0.9598581561318806,-50.87248227498967,-55.86374468687544,87.4847322454842,-73.32777931042541,-55.86374468687544
191,74.99583333333334,27.10080555555556,20.0,5.5,19.48,13.502262775228612,17.3,2.8025818,2.4941860211333333,0.0001039,43.105591811537174,0.535322716294655,107.064543258931,104.28086513419879,28.67723791190467,127.84222234630386,101.6130372655185
192,75.25416666666666,29.24005555555556,-0.3,11.5,-0.8199999999999998,19.502262775228612,23.3,0.7963621,0.4879663211333333,0.0001373,204.68214034543624,2.541920775053508,-7.625762325160524,-20.84375035543876,799.0104302918193,-45.02346456033923,-12.439521118757058
193,75.25416666666666,29.45233333333333,15.3,14.9,14.780000000000001,22.902262775228614,26.700000000000003,1.1194726,0.8110768211333332,0.0001357,123.70055165100372,1.5362209990407538,235.04181285323534,227.05346365822342,221.11742539264895,337.7771379700658,203.08697002778484
194,75.50833333333334,30.25561111111111,-4.7,21.2,-5.22,29.20226277522861,33.0,0.58235043,0.27395465113333334,0.0001384,363.0798712023692,4.509041512148875,-211.9249510709971,-235.37196693417124,1061.6778082988149,-273.65079258688786,-98.83372641493732
195,76.525,30.365472222222223,-1.2,16.4,-1.7199999999999998,24.40226277522861,28.2,0.59208417,0.2836883911333334,0.0001384,350.62210001406453,4.354330078405942,-52.25196094087129,-74.89447734858219,1023.5578570972898,-74.89447734858219,-36.55656662266704
196,76.77916666666667,29.983722222222223,-48.5,13.6,-49.02,21.60226277522861,25.4,0.8744787,0.5660829211333334,0.0001373,176.4770485188426,2.191645422473588,-1062.94802989969,-1074.3445860965528,301.2595128023323,-1505.4346190945212,-988.3179103388932
197,76.77916666666667,29.52172222222222,-8.6,15.8,-9.12,23.802262775228613,27.6,1.0266818,0.7182860211333333,0.0001357,139.5888644272781,1.7335358808296593,-149.08408575135067,-158.0984723316649,290.4599840511983,-223.09420513829306,-133.45914341610245
198,76.77916666666667,29.492,-45.7,19.2,-46.220000000000006,27.20226277522861,31.0,1.0612833,0.7528875211333332,0.0001357,133.20874387882293,1.6543019968078598,-756.016012541192,-764.6183829245929,321.2401083621922,-1047.8563157563062,-676.3685974443264
199,77.2875,29.9655,-45.2,3.1,-45.720000000000006,11.102262775228612,14.9,0.706163,0.39776722113333335,0.0001384,250.06439486233762,3.1055170682161206,-1403.6937148336865,-1419.8424035884104,97.37857192752372,-1575.379820643846,-1070.501595849545
202,78.8125,29.49458333333333,-82.2,10.0,-82.72,18.002262775228612,21.8,0.7080011,0.3996053211333334,0.0001384,248.91415150998975,3.091232346213674,-2540.9929885876404,-2557.067396787951,311.07875873332733,-6393.068746179103,-1471.385960775003
