ID#,Ra(deg),Dec(deg),RM_Raw_Value,RM_Raw_Err,Scaled_RM,TotalRMScaledErrWithStDev,TotalRMScaledErrWithAvgErr,Extinction,Scaled_Extinction,eAbundance,BScaled_RM_ERR_with_0.05Uncty&StDev,BScaled_RM_ERR_with_0.05Uncty,Raw_Magnetic_FieldMagnetic_Field(uG),Magnetic_Field(uG),Reference_BField_RMErr(±),BField_of_Min_Extinction,BField_of_Max_Extinction
0,50.083333333333336,29.68769444444445,59.2,14.6,13.62222222222222,36.85946601247419,26.744444444444444,2.223773,1.6369379344444444,0.0001172,177.8858701725584,0.797356019516983,472.03476355405394,108.617608880869,26.78745083886296,129.33718581594758,87.76907796427379
1,50.083333333333336,31.12605555555556,89.6,10.6,44.02222222222221,32.85946601247419,22.744444444444444,1.6087866,1.0219515344444443,0.0001289,276.9114070306546,1.2412283058492812,1112.1405620409557,546.4162830860945,64.64299777581029,1243.3948908160382,359.2284016699557
3,50.083333333333336,30.717916666666664,40.1,11.2,-5.477777777777781,33.459466012474195,23.34444444444444,1.535315,0.9484799344444443,0.0001327,296.243037490511,1.3278804491549403,532.480060111131,-72.7383401592651,-20.315945381141375,-93.95749592341109,-44.77923423330038
5,51.35416666666666,31.47686111111111,35.1,1.8,-10.477777777777781,24.059466012474193,13.944444444444445,1.8411709,1.2543358344444444,0.0001238,227.93209650539606,1.0216833355758015,358.61085078710624,-107.04970949422011,-5.489728692011288,-121.61207784707129,-66.22328342658724
6,51.35416666666666,33.71738888888889,2.4,11.1,-43.177777777777784,33.35946601247419,23.244444444444444,1.8839344,1.2970993344444444,0.0001238,220.70357155630094,0.9892821792906024,23.742772302974455,-427.1500609692535,-1975.5690319827975,-807.6918601349081,-385.67734407392504
7,51.60833333333333,28.107666666666667,46.8,10.2,1.2222222222222143,32.459466012474195,22.34444444444444,1.4590602,0.8722251344444443,0.0001327,321.93077188388685,1.4430232068480768,675.3348608048999,17.636950305920823,3.8439507077006922,109.00867516024171,13.143220541940126
8,51.8625,29.02272222222222,26.2,11.7,-19.377777777777784,33.959466012474195,23.84444444444444,1.3500432,0.7632081344444444,0.0001327,367.4868696878656,1.647223960817295,431.5726777341312,-319.19539862948477,-142.54145663988442,-426.1779334325828,-213.5649134364194
9,51.8625,31.403166666666664,15.1,14.1,-30.47777777777778,36.35946601247419,26.244444444444444,2.951023,2.3641879344444447,8.96e-05,130.87401447260976,0.5866299731218686,88.58112594140215,-178.79177958592064,-166.95126438155503,-217.2608126788576,-164.63187803887274
10,52.11666666666667,29.444277777777778,18.9,9.8,-26.677777777777784,32.05946601247419,21.944444444444443,1.2254761,0.6386410344444444,0.0001355,436.2690029143276,1.955533147545489,369.5957648860973,-521.6927874729688,-270.5073712822802,-1594.709529546522,-259.7159941015865
12,52.11666666666667,29.36583333333333,24.8,2.0,-20.777777777777782,24.259466012474192,14.144444444444444,1.6614591,1.0746240344444444,0.0001289,263.6109132550827,1.18161014301143,293.03931546683464,-245.51232971459717,-19.799381428596547,-450.6942318972461,-181.4136906283595
13,52.11666666666667,30.831722222222226,60.2,3.1,14.62222222222222,25.359466012474194,15.244444444444444,4.2798996,3.693064534444445,4.805e-05,99.03272013129045,0.443904484652017,267.23049976051425,64.90870020022825,3.342474595028365,85.74961844207175,60.413340032661935
14,52.37083333333333,33.677388888888885,29.9,11.6,-15.677777777777784,33.85946601247419,23.744444444444444,1.1284653,0.5416302344444444,0.0001355,514.2193955576311,2.3049381606449417,689.1765100328374,-361.36308274111263,-140.19437323735474,-1127.5726068724475,-243.39737857469666
15,52.625,30.546833333333336,-8.3,10.6,-53.87777777777778,32.85946601247419,22.744444444444444,6.3971705,5.810335434444444,5.978e-06,89.0086298397513,0.39897248006735214,-33.114715845590226,-214.9575062051767,274.5240440692618,-252.98130418197556,-213.5849475674267
16,52.625,28.6525,6.5,7.8,-39.07777777777778,30.059466012474193,19.944444444444443,1.1347855,0.5479504344444444,0.0001355,508.3024592245037,2.2784160720847813,148.09704468551078,-890.354369502464,-1068.4252434029568,-1702.6538313374983,-474.37725221328094
17,52.625,30.064722222222223,28.1,5.7,-17.47777777777778,27.95946601247419,17.844444444444445,1.0084964,0.4216613344444444,0.0001355,660.0675436733181,2.958688223663649,831.3913908494852,-517.1129528692134,-104.89479826884399,-1558.8240547914668,-260.65513884705246
18,52.87916666666667,28.679194444444445,19.9,12.3,-25.677777777777784,34.55946601247419,24.444444444444443,1.2376827,0.6508476344444443,0.0001355,428.1033095726063,1.918931225575884,381.86731388960084,-492.7388958117632,-304.5572069590296,-1027.888329317871,-322.17188060260844
19,53.13333333333333,29.549722222222226,33.0,12.1,-12.577777777777783,34.35946601247419,24.244444444444444,0.9465114,0.35967633444444436,0.0001374,768.958669711928,3.4467820488485468,1137.4380761200202,-433.52858658850624,-158.96048174911894,-564.7493630081517,-353.9701054463077
20,53.13333333333333,31.861861111111114,67.4,12.4,21.822222222222223,34.65946601247419,24.544444444444444,1.37211,0.7852749344444443,0.0001327,357.2537980941713,1.6013552179797366,1079.3134169183425,349.45129423468916,64.2907425594977,912.6651776744161,208.04717993124922
21,53.641666666666666,31.202916666666667,28.2,7.7,-17.377777777777784,29.95946601247419,19.844444444444445,3.4997888,2.9129537344444447,7.883e-05,112.07731782850504,0.5023756183399358,141.6699243718619,-87.3017185648511,-23.837703296076366,-98.76874206134978,-79.41628502356026
22,53.895833333333336,30.54002777777778,22.2,5.2,-23.377777777777784,27.45946601247419,17.344444444444445,1.9867043,1.3998692344444443,0.0001238,205.0739859744848,0.9192240901679092,204.06774801727582,-214.89416507925347,-50.33557019874406,-244.68580281119895,-190.67495272269733
23,54.15,32.30811111111111,34.3,1.5,-11.277777777777786,23.759466012474192,13.644444444444444,1.0281031,0.4412680344444444,0.0001355,630.8261555997425,2.827616560822299,969.8724803620486,-318.89231213718176,-13.945727936028359,-379.41938140671306,-100.88035123518752
25,54.40416666666667,30.01377777777778,-3.5,17.3,-49.07777777777778,39.55946601247419,29.444444444444443,0.9476806,0.36084553444444434,0.0001374,766.4671147644314,3.4356138974185497,-120.24648640964925,-1686.1229538775262,8334.264886308916,-4377.193801661734,-773.9831079007149
29,54.40416666666667,31.253944444444443,110.8,16.1,65.22222222222221,38.35946601247419,28.244444444444447,2.8611934,2.274358334444444,9.988e-05,134.17379210272756,0.6014209036993766,666.3743612989092,392.2600783017044,56.99807996983251,444.5897964671236,283.40067308346937
30,54.40416666666667,30.93338888888889,48.7,2.9,3.12222222222222,25.15946601247419,15.044444444444444,3.0965137,2.5096786344444446,8.96e-05,124.69221099255304,0.558920643474085,272.1943533718794,17.450744535135307,1.0391613788889607,22.841929466256566,16.974629462886195
31,54.9125,32.909083333333335,126.8,16.0,81.22222222222221,38.25946601247419,28.144444444444446,2.0341504,1.4473153344444445,0.0001238,198.58149342359636,0.8901221271390396,1128.6748572123022,722.9769721540421,91.22737818978449,1260.598378599056,567.8128087523996
32,54.9125,29.561666666666667,6.6,8.5,-38.97777777777778,30.759466012474192,20.644444444444446,1.2634866,0.6766515344444444,0.0001355,411.8093891864465,1.8458953206508213,121.8290911629542,-719.4889760936758,-926.6145904236733,-3476.385749655731,-719.4889760936758
33,55.16666666666666,32.15036111111111,200.0,1.3,154.42222222222222,23.559466012474193,13.444444444444445,2.437452,1.8506169344444443,0.0001092,159.85023759784247,0.7165130600098775,1433.026120019755,1106.4553897796975,7.1919600335680345,1916.9839031088052,914.7726924216158
35,55.675,30.34272222222222,19.2,10.8,-26.377777777777784,33.05946601247419,22.944444444444443,1.0979235,0.5110884344444444,0.0001355,544.8694276244734,2.442323932450078,468.926195030415,-644.2307795151652,-362.3798134772805,-2352.605407549232,-411.11571432438456
36,55.92916666666667,29.425583333333336,29.4,17.4,-16.177777777777784,39.65946601247419,29.544444444444444,1.7379504,1.1511153344444442,0.0001289,246.42251477533767,1.1045648274931912,324.7420592829982,-178.694043203343,-105.7576990387132,-199.0611355485227,-136.3455855719136
37,55.92916666666667,31.248527777777777,39.9,6.8,-5.677777777777784,29.059466012474193,18.944444444444443,2.7189775,2.132142434444444,9.988e-05,141.88051831447342,0.6359655503862884,253.75025460412905,-36.10871069415486,-6.153865481710602,-49.12526845700297,-32.42691149029156
38,56.4375,29.58688888888889,50.1,6.8,4.522222222222219,29.059466012474193,18.944444444444443,1.6975992,1.1107641344444443,0.0001289,255.20056522136144,1.1439115803070667,573.0997017338404,51.73022368721953,7.0212678856904756,403.3320980928966,47.856841997902045
39,57.454166666666666,30.25825,56.7,14.2,11.12222222222222,36.459466012474195,26.34444444444444,1.0223446,0.4355095344444444,0.0001355,639.1421062404078,2.864891996442388,1624.393761982834,318.63965427098105,79.80040724246791,991.9789439582057,220.74796088793005
